100
2 99.9993 36.4662
0.0007 36.4197
0.0006 63.6960
2 100.0000 75.6127
70.0263 75.6127
27.0364 27.7990
2 0.0001 0.1000
0.0001 0.1002
0.0001 0.1001
2 99.9990 22.0876
0.0005 22.0876
0.0002 90.8516
2 0.0006 68.8483
99.9999 65.6285
0.0011 72.0681
2 99.9992 25.1861
99.9997 8.4984
0.0003 41.8737
2 99.9997 89.2904
0.0009 89.2904
0.0007 0.9137
2 99.9992 24.1929
0.0004 44.9944
1.9783 3.3915
2 99.9995 83.5179
0.0008 19.7129
99.9994 83.7003
2 99.9995 28.7422
80.3785 0.1692
99.9999 28.7422
2 0.0007 34.9779
99.9998 63.3743
99.9998 6.5816
2 99.9997 54.3810
0.0006 28.8110
40.8526 54.4920
2 99.9999 90.8050
99.9992 73.6150
0.0005 91.2713
2 99.9999 8.3127
0.0011 8.3024
99.9999 29.3115
2 0.0008 91.5843
0.0005 25.9817
0.0010 91.5843
2 99.4808 76.9326
99.9999 76.9326
100.0000 76.9326
2 44.4593 8.7492
100.0000 8.7492
99.9999 8.7492
2 0.0010 58.9623
99.9996 63.5454
99.9996 58.9623
2 0.0009 45.5631
99.9994 45.5641
0.0009 53.5451
2 0.0003 15.8959
99.9994 34.8956
99.9993 15.8730
2 0.0007 75.8035
0.0005 30.4573
0.0006 76.1050
1 44.5771 27.7021
34.5496 50.7705
2 0.0001 77.2831
0.0001 97.3911
0.0001 57.1751
2 100.0000 65.1586
99.9999 65.1586
0.0001 65.1587
2 0.0006 45.0536
0.0004 6.8763
99.9999 45.1945
2 99.9992 95.5419
0.0008 89.8192
99.9995 95.5419
2 0.0006 64.1461
99.9991 64.1461
99.9994 22.9836
2 0.0005 54.9862
99.9998 3.8447
0.0010 54.9862
2 0.0011 15.6788
99.9998 10.3102
99.9994 21.0474
2 13.4990 92.2838
75.7956 1.8093
69.4308 67.2386
2 36.0447 9.5273
0.0008 95.5314
99.9999 9.5266
2 1.5938 99.9000
94.8466 99.9000
74.1284 20.4057
2 0.0007 97.9450
99.9993 97.9450
99.9998 85.7479
2 99.9995 50.2115
99.9999 81.3073
99.9990 50.1599
2 0.0006 48.7759
0.0005 55.3989
0.0008 48.7759
2 0.0011 23.1930
0.0004 46.3386
0.0007 23.1663
2 99.9992 16.3897
99.9997 11.4663
99.9994 16.3897
2 100.0000 96.4152
0.0002 97.1131
0.0009 92.5407
2 99.9995 13.5238
99.9993 23.1859
99.9992 13.5238
2 100.0000 8.9168
0.0008 8.9168
99.9990 35.0907
2 37.3972 76.2083
99.9999 76.2083
100.0000 76.2083
2 0.0005 4.0155
99.9996 4.0155
99.9991 7.4848
2 66.0102 18.6458
88.4438 18.6458
61.9766 18.6458
1 58.8083 30.6034
40.8483 30.6034
2 0.0002 15.0772
99.9999 15.0772
99.9991 56.7557
2 0.0004 67.1684
0.0003 57.3599
0.0003 76.9769
2 0.0009 11.9613
0.0010 11.9613
0.0003 80.4245
2 99.9990 43.9368
99.9994 43.9368
0.0003 20.8532
2 59.8136 16.9718
48.0253 74.1656
64.2335 74.1656
2 0.0005 90.5095
0.0008 90.5095
99.9994 93.2626
1 10.0000 50.0000
0.2000 50.0000
2 99.9996 66.9258
0.0003 66.9258
0.0010 91.0691
2 0.0003 98.2017
0.0006 98.2014
0.0006 65.4162
1 74.4890 99.9000
52.2841 23.5424
2 92.7114 13.0880
0.0001 13.0880
0.0002 13.0880
2 99.9998 44.9488
0.0006 1.6677
99.9997 44.9488
2 0.0007 63.8600
0.0004 42.0901
78.1957 85.6299
2 99.9997 92.0867
99.9995 50.1073
99.9997 92.0867
2 98.1632 14.6196
80.7954 60.5831
2.1190 14.6206
2 0.0007 30.9785
0.0004 5.7557
72.4158 56.2013
2 0.0010 60.3246
0.0009 60.7761
99.9998 19.6464
2 0.0001 50.7480
36.5891 94.6074
21.2899 6.8886
2 0.0008 33.8402
99.9999 33.8402
0.0004 61.7280
1 10.2916 0.1000
93.7864 88.0159
2 23.1920 95.5691
71.1731 44.8156
19.4825 67.2716
2 0.0007 64.5797
100.0000 38.0287
99.9993 65.0128
2 99.9996 6.2655
99.9991 68.3499
0.0009 6.2581
2 100.0000 88.3983
0.0001 88.3983
99.9999 88.3984
1 34.7612 0.1000
73.7100 0.1000
2 0.0004 34.6320
0.0010 34.5938
99.9993 87.5144
2 0.0002 29.8415
0.0006 29.8415
67.0127 90.7195
2 0.0003 53.6340
0.0004 22.2534
0.0007 53.6340
2 99.9999 5.6450
0.0010 5.6450
99.9997 98.5131
2 99.9995 44.7404
0.0011 93.8255
99.9995 44.7404
2 99.9995 55.3491
0.0002 31.6530
0.0009 79.0452
1 94.2711 50.5683
89.4766 9.0898
2 0.0007 63.3528
99.9997 63.3528
10.9702 61.0723
2 100.0000 74.6075
0.0010 2.4592
58.7327 74.6075
2 54.5103 36.4370
29.0482 97.3751
66.6517 9.8789
2 0.0007 22.4546
99.9998 22.5771
99.9996 15.3499
2 5.0000 99.9000
30.0000 99.8999
20.0000 99.7000
2 100.0000 65.1587
0.0001 65.1587
99.9999 65.1586
2 100.0000 38.2188
33.9268 65.7855
13.4393 10.6520
2 99.9995 2.8191
99.9994 2.8191
97.7605 78.1917
2 99.9997 62.7897
99.9997 15.7566
99.9993 63.4066
2 99.9997 4.8432
0.0008 4.8432
81.6075 12.0148
2 61.0917 13.2987
57.4858 7.1558
64.8206 13.2980
2 99.9992 20.2801
99.9993 10.8295
99.9992 29.7308
2 99.9997 92.6314
99.9992 93.2422
99.9990 48.4161
2 100.0000 88.3984
99.9999 88.3984
0.0001 88.3983
2 99.9993 68.8723
0.0002 60.7150
99.9997 68.8723
2 0.0006 58.4731
54.6518 58.4051
99.9997 82.9200
2 99.9992 76.2714
99.9997 80.0554
99.9995 76.1600
2 0.0010 38.9752
99.9992 39.2258
0.0010 34.5404
2 30.0000 65.4321
0.0001 50.0000
100.0000 99.9000
2 99.9995 58.9404
99.9995 59.4545
99.9997 7.9755
2 0.0001 0.1001
0.0001 0.1003
0.0001 0.1000
1 30.2908 44.9232
89.0137 44.9224
2 59.1081 96.8236
85.9566 98.5488
45.9915 93.5993
2 0.0006 82.6783
99.9990 4.0105
0.0008 82.6783
