95
5 5 3 5
6 6 3 5
7 7 3 5
8 8 3 5
9 9 3 5
10 10 3 5
11 11 3 5
12 12 3 5
13 13 3 5
14 14 3 5
15 15 3 5
16 16 3 5
17 17 3 5
18 18 3 5
19 19 3 5
20 20 3 5
21 21 3 5
22 22 3 5
23 23 3 5
24 24 3 5
25 25 3 5
26 26 3 5
27 27 3 5
28 28 3 5
29 29 3 5
30 30 3 5
31 31 3 5
32 32 3 5
33 33 3 5
34 34 3 5
35 35 3 5
36 36 3 5
37 37 3 5
38 38 3 5
39 39 3 5
40 40 3 5
41 41 3 5
42 42 3 5
43 43 3 5
44 44 3 5
45 45 3 5
46 46 3 5
47 47 3 5
48 48 3 5
49 49 3 5
50 50 3 5
51 51 3 5
52 52 3 5
53 53 3 5
54 54 3 5
55 55 3 5
56 56 3 5
57 57 3 5
58 58 3 5
59 59 3 5
60 60 3 5
61 61 3 5
62 62 3 5
63 63 3 5
64 64 3 5
65 65 3 5
66 66 3 5
67 67 3 5
68 68 3 5
69 69 3 5
70 70 3 5
71 71 3 5
72 72 3 5
73 73 3 5
74 74 3 5
75 75 3 5
76 76 3 5
77 77 3 5
78 78 3 5
79 79 3 5
80 80 3 5
81 81 3 5
82 82 3 5
83 83 3 5
84 84 3 5
85 85 3 5
86 86 3 5
87 87 3 5
88 88 3 5
89 89 3 5
90 90 3 5
91 91 3 5
92 92 3 5
93 93 3 5
94 94 3 5
95 95 3 5
96 96 3 5
97 97 3 5
98 98 3 5
99 99 3 5
100 100 3 5
