1
50
411
1894
6549
18766
46775
104546
214089
408154
733331
1253550
2053981
3245334
4968559
7399946
10756625
15302466
21354379
29289014
39549861
52654750
69203751
89887474
15495762
46926819
85196668
31449072
86965855
53177553
31674563
24218615
32754679
59423265
6573116
76774336
72831841
97799308
54993440
48008694
80732360
57360061
82411674
60747602
97585502
98517357
69526997
17007992
47781959
69117241
88748028
14893843
56279470
22155205
22317605
67130560
67546793
35129774
82076020
21237767
66146119
31034492
30862563
81340542
98953872
988336
5555578
31618961
99019895
28504516
41750828
61396154
11065057
15397654
78288
91864656
18617267
9329405
94157380
4451221
72785839
32992443
20190510
70820050
22674299
14932854
88195145
84514328
47431613
22010950
54874129
94236273
89941745
93500455
58124546
