1
7000 5500
887 4384
916 5778
3336 1794
493 5387
5422 4650
1028 3363
6060 5691
2927 1764
5427 5541
6737 2173
4369 5212
430 2568
531 3783
5124 3863
4136 3068
4803 930
4059 5023
4168 3070
1457 394
5043 2012
5374 4230
2920 3422
2538 1785
325 3199
5371 5316
3527 4414
6981 92
3874 3957
5171 4863
5282 1997
2926 2306
328 3085
3506 4337
4730 1847
3858 2314
3896 125
3546 6583
1368 6815
365 3435
1751 6044
809 3088
3179 5277
6585 789
5652 4404
6400 4755
61 3933
4369 6677
4013 4740
6587 5227
540 6095
3571 796
379 4435
1602 4468
903 6098
2493 6318
6757 2653
5281 3302
1442 287
4690 4866
2620 4445
5730 1441
1118 32
4772 3098
5676 2482
5928 1710
6857 3568
5354 2498
6966 4587
3684 4307
3625 5220
872 3529
6830 733
1020 3504
1369 1271
5716 5709
150 1341
5724 1797
2246 5619
5452 847
2556 922
4489 4380
4229 6765
4351 2842
4501 4194
6765 1035
1915 1125
1857 4988
1492 1744
366 228
5937 2860
1552 3433
5229 3438
6408 276
1122 475
1396 4859
2238 1030
794 3236
3429 3819
1012 5144
3530 929
6405 777
5764 5444
4539 5614
5841 4607
4819 4905
5689 2129
2918 6370
3997 3918
1744 2325
184 2471
3500 491
3726 6773
3591 1645
4140 4506
2787 1955
83 670
3465 6543
2508 3198
805 5356
612 1349
829 5623
2344 6300
569 3747
3423 6341
1811 2312
2802 3606
731 2662
4306 3879
5737 4321
3627 1445
6466 1523
5417 3709
4259 283
5638 925
6625 5063
1037 3601
2900 453
1551 3380
72 3469
3132 4974
5931 1882
1895 5934
164 6661
3982 6200
4997 5900
4774 4960
1669 1814
2096 3191
1467 5927
1341 5085
1685 1091
1543 2377
3108 1937
2757 446
5419 3180
2413 5888
2173 4349
4010 1660
5211 2337
5588 5343
3302 3207
2373 714
1256 2322
5600 1820
6905 2722
3812 6940
6668 5941
5229 2706
3151 128
659 985
4225 5921
3270 423
2082 6397
6085 4631
2973 293
851 4673
5386 3626
3300 3223
5043 6641
6714 1899
6191 2299
5591 3525
3582 3210
3337 3820
2156 6733
3005 3995
1770 6380
5777 6274
1256 3851
4143 4861
6885 1580
5206 4994
5568 2622
6614 1505
755 962
3260 6327
203 6945
507 6203
3022 3785
869 3843
5190 2529
1909 3873
499 6959
3809 5037
249 1754
3334 5304
649 134
2755 5891
4747 3568
4530 2369
6047 5501
2798 789
6991 6250
3034 3304
4498 364
2893 1254
5126 2687
6997 2153
189 2976
4730 1158
6461 437
4922 5415
4305 4461
1028 5029
4749 2051
4903 5557
3698 3795
3044 700
4003 1040
1404 3429
4682 1501
1539 1648
1152 160
3135 1536
2693 1340
6128 5216
3630 6505
3965 4050
6430 5286
336 2344
901 4178
972 5239
3290 1950
2989 1368
4796 293
6145 1744
3391 6830
4341 683
6570 4542
3233 4827
3043 2262
6118 2361
3762 4024
2310 3082
5426 3191
368 6997
5235 3678
5627 5691
58 1525
6169 1615
3359 2206
6387 5313
3347 4101
5995 3727
1553 2917
2530 6579
6291 1947
5971 1648
2081 3052
3594 5632
5628 4858
5887 1313
4356 1215
91 4513
3480 4413
3970 3611
6275 4190
5642 3356
4434 2621
2889 1988
1567 3339
5285 2771
4418 857
1261 1607
238 3850
6060 2206
3519 3218
1784 4946
2459 874
2638 1874
5484 3290
479 6608
315 4758
4730 3472
5460 2101
5439 619
3389 26
5234 1075
2682 5158
6359 6494
1700 271
840 5418
3364 2570
795 2623
1848 3174
6463 3432
391 4683
6792 4293
5116 5058
158 4522
2492 3575
952 2948
4022 3232
5741 3538
3031 4055
4326 5099
3517 2082
2003 2517
5140 4232
405 2797
3581 4339
2022 4219
5863 3971
6380 1813
3686 3978
4905 6537
2484 6177
6760 3208
6745 3858
912 5500
951 128
6561 5237
5106 1819
6050 1564
1712 3245
4935 3806
5376 5292
6615 6956
1769 1590
2919 5994
2883 2806
1983 823
4031 2718
6575 6094
4594 1127
1254 487
3075 5544
4714 815
2378 1180
1776 3763
4920 4089
6733 6711
4018 3295
2236 6347
2692 3138
5944 5154
3329 5574
1292 926
19 4711
5837 5218
3056 1964
4859 91
905 6131
4662 2572
3686 634
2074 3790
852 1605
2251 1806
5504 4869
1007 4486
2640 1196
4121 6950
5227 5968
3678 2764
982 2597
4561 6866
6956 4037
519 6771
2343 5212
3197 2533
6322 3380
4985 5271
4428 173
5041 235
2073 284
5831 3399
3348 2064
1031 2951
5715 1574
1523 2060
1925 4048
5436 6083
3205 6233
4444 5955
1487 2899
6279 641
3263 5160
2684 4263
1849 5042
5325 724
4123 1273
3336 4155
4458 4822
3748 4366
3777 3172
219 5270
1704 5702
4934 5654
1960 4908
807 6729
4721 798
3309 85
1699 5335
3377 5992
6716 899
2172 6053
560 1190
6011 5507
225 5017
5540 110
5379 4001
54 3110
6115 82
4990 2339
2068 5427
6224 3148
3232 6788
5123 2533
5876 2282
3180 5851
2255 5591
4132 5351
3858 2814
5182 495
604 4082
5434 3721
4182 5983
3416 5488
826 3297
1723 1405
4552 2893
33 5298
5182 5135
416 2507
5709 4058
7000 3596
6298 963
3777 1484
1978 3155
4588 6310
383 6933
3267 3022
5861 4564
5212 6683
1087 6686
6931 4286
2584 2991
5477 4315
6821 5117
6526 5893
6840 5529
6491 6526
5361 6137
6644 619
6929 338
4622 1583
1956 311
2226 889
571 816
4854 438
4723 6009
6351 4784
2098 4658
127 4828
1072 6270
2150 6652
3529 911
4399 1640
6611 1889
6578 1394
2977 3891
1553 4200
5088 4932
3100 3778
1567 5658
2018 953
5736 3642
1299 1369
6196 5185
1806 5777
5429 267
5529 3955
5594 6309
1198 279
1673 2556
6446 775
2326 2001
4284 998
2128 413
3422 383
1335 3694
335 5440
4160 4422
6958 5986
4762 3355
973 1763
5717 542
6851 3853
1483 1663
4218 5400
6174 3155
2507 1016
6365 5852
6264 6791
173 1492
2538 38
2829 5860
3281 2872
1857 6988
3342 591
2353 3971
4512 1666
5518 1070
84 4362
113 4352
507 4301
2668 3639
2490 365
155 2033
876 6105
6142 4680
3539 3413
3637 1970
1957 4171
4761 2845
6815 2650
4315 4466
2887 4327
6040 184
4536 2970
4622 6153
2791 2394
110 290
6674 2632
1736 265
2296 549
1314 878
199 5834
356 4950
794 2156
2157 2469
6934 4961
2287 3824
1359 172
3141 5678
2182 3246
2991 762
1051 2324
4955 3101
3365 5076
5625 4043
4920 5660
1845 4290
2239 2470
1977 6552
2020 384
5344 4134
957 6305
6476 4982
1012 6667
2913 6968
730 3193
2869 5903
2003 6132
4208 5175
2217 2719
1378 184
4473 4488
6958 574
126 4063
1798 1934
3419 6497
3154 142
2475 1727
1394 6981
6949 3486
4031 4306
560 5030
4161 6899
2425 2563
5281 5720
5903 4642
6481 4011
4584 727
2141 3790
5724 4709
1558 3939
1432 6494
1221 4711
4691 3906
392 2614
4271 4639
2668 4422
1672 4830
4744 4181
2900 4096
6089 3025
4387 6155
4233 5570
6711 1970
4031 6374
664 5434
2280 5588
650 2095
3352 3500
3465 5340
331 3743
5516 5087
2916 350
1882 187
1635 5012
5388 2134
1288 723
3644 2774
4743 5520
2245 3355
6140 6125
2064 260
2354 1419
2270 2713
5405 5706
6800 5734
3820 5735
3436 5316
2854 4088
6451 2670
4803 4488
2563 4838
611 6090
1961 6206
6912 2705
1830 1558
1817 3404
4822 3893
6606 1523
4580 4444
529 2362
5448 4379
46 1701
5788 1883
4552 2900
387 2590
427 2354
5795 2949
6507 1037
1093 5108
6665 6418
2821 2922
4167 1481
355 4995
2438 1124
3485 4934
2313 318
2018 1932
1166 6710
2609 5157
746 3070
5423 2996
3296 1172
6560 1570
6677 2802
6572 653
926 6341
5173 6744
2090 5092
3567 5528
813 1879
2197 51
6334 3125
187 4214
2371 500
3569 2795
3142 3116
1640 6343
5264 6438
6591 1199
6203 4940
1632 3514
3258 129
2572 6805
2684 5347
226 6139
3541 3496
3973 2422
6635 227
726 4159
6953 6357
2473 1646
5340 447
6884 4112
2662 3604
1543 3826
340 6217
6345 3175
331 3597
6295 6268
2758 3014
3861 6520
6293 3651
3877 833
4991 3280
2636 1954
3599 2296
2742 5108
6571 1938
5541 6977
3802 6585
5801 84
610 1493
2441 2497
1764 940
1305 1736
5607 1874
5524 5165
3350 2252
5531 6752
1705 1340
987 1166
3626 5303
4592 1080
5408 548
132 485
4920 6562
1054 5932
1428 5529
3820 3495
2582 544
6769 5124
640 1188
3439 2644
2395 3989
2681 6321
487 4099
6753 1019
2099 1464
2011 1696
2180 506
67 2143
5426 99
2979 5473
1967 6854
4749 6798
2273 4548
3087 4517
160 2913
6901 3878
3198 2554
4004 6933
952 1036
2499 1108
155 3050
907 1862
4004 2335
6785 5326
3798 2429
6634 2764
2561 3116
5015 4382
1898 2186
5098 1101
2330 6409
6314 2350
6635 2880
3915 3317
1776 586
987 3766
5627 1931
1617 1893
4570 2630
2410 5753
1516 1367
1834 6396
3777 1429
3614 6848
5301 3027
6787 6063
5764 630
3509 6101
2417 5398
5983 4776
1541 1545
827 4321
3566 4519
4500 6795
5547 1135
6854 6909
6304 63
5843 1687
1535 433
811 6808
5870 6835
4816 597
6697 1985
383 1325
3452 6466
5362 3717
1038 2344
6862 6188
5982 4603
3089 4361
1621 1880
6294 2942
4629 925
5709 5136
4943 6163
5997 3871
4467 1164
501 3812
2488 1516
5333 5235
1951 3291
5634 3694
2881 340
2294 5495
2855 6214
5445 5383
1324 4476
2752 4739
2874 5952
2466 5812
2682 5169
3684 5814
6978 4500
6015 1536
6770 2465
3108 4347
5392 6073
6412 1741
4588 5624
4837 6058
4440 4794
6621 3282
5372 3115
6419 2372
5535 5597
3765 1884
698 5568
3068 4801
6336 675
491 6434
1133 3458
2530 950
2691 6524
5148 6293
5350 4630
2423 336
969 141
3256 2044
1767 6340
4937 26
6261 4654
3221 6053
1205 6958
4984 6288
5722 541
3998 2827
1128 4206
3729 3879
3171 1170
5799 6228
6564 1521
1661 1222
617 4884
4224 2268
2293 2383
36 6512
5564 1554
5863 609
6896 6769
4661 1199
1377 2969
174 6010
2888 2504
3674 1255
482 6058
4930 6824
1045 4397
2281 3943
6210 6013
5748 3856
3367 5855
4760 3135
3743 6282
3402 974
2172 3639
3959 5414
4423 900
756 1485
91 4662
1072 1781
1604 4924
2321 6001
2943 1
6013 1953
5808 6505
5359 4760
895 6526
3159 3118
4091 4637
5627 6561
4974 3615
1866 6938
1422 6749
4410 2621
4401 5864
3787 2833
1834 6005
3357 3459
5411 2128
1632 2369
129 1570
5447 4342
459 5375
3011 1606
1166 1902
2868 5990
5927 3491
3239 4733
4706 4700
3563 5001
833 6458
5462 349
3808 18
6498 6170
1539 6570
1140 1129
5471 6019
4393 6586
5543 3281
2534 4755
3744 6708
551 5401
486 22
4721 3789
6141 5191
4648 5635
5984 4326
1695 462
6631 143
4064 1192
2321 5521
4539 2555
6493 5143
1423 1931
6686 5035
2095 1309
6709 781
803 2645
3785 4546
88 5523
4158 2926
4603 4736
2549 493
4987 6297
4841 6531
5052 2050
1957 4513
2655 2590
1873 1449
6483 1429
89 1558
2338 1577
4221 6798
1695 3140
6015 1006
1283 1783
3870 524
1016 3237
6885 6418
3300 3354
2755 4725
2237 1351
1293 4711
6159 2243
1024 3165
4722 5642
4570 1112
5261 4411
4903 1791
148 6956
6090 3917
4440 5782
2018 2959
2376 2807
3512 1902
3979 5675
4378 6266
3977 3567
3162 5670
1834 3135
6128 1537
7000 3907
1317 3698
2840 5261
2568 3571
487 2987
1768 6009
1967 2278
2436 1137
3038 1694
4720 5947
5213 4368
935 2097
5118 6541
2675 4096
5632 6951
1209 1803
2852 5631
1243 2526
3448 5691
1677 1162
170 3935
3564 796
1932 2136
1181 3352
2298 2321
6689 5901
997 4862
4402 4975
2070 6115
3417 4429
3583 5053
3683 4626
4503 6434
5124 2278
791 950
2236 4152
4947 961
448 5800
6503 4230
6550 1629
529 1800
4014 3590
1564 5877
4991 5767
3195 985
6037 5760
3385 6777
6210 72
6701 5239
3540 1685
5836 491
1451 5776
1927 3782
5363 6251
879 1429
580 2265
5854 5759
4635 1945
712 4770
3106 6978
5737 1258
1035 2143
6566 6473
4711 4596
3633 6266
4108 1250
4377 2468
3602 5559
2161 6303
5083 1964
4228 3039
1797 3015
4959 434
2555 6431
6408 5670
6928 5660
802 2496
1968 5314
261 4719
1336 4030
2632 3893
3713 5444
1354 8
3663 314
6629 3514
6552 6097
2111 3857
1642 5700
2482 70
3091 4196
2855 1890
1737 370
5683 1009
5727 3705
734 3296
188 4415
2858 3365
725 1252
1565 4211
724 1739
835 1194
2402 4627
3326 2946
367 1395
5590 5807
5048 3457
3827 5796
6804 6785
841 6861
3156 2883
4649 1574
2291 696
1947 506
2068 367
2105 864
6409 2791
4769 291
3236 6162
556 1094
4252 3602
4411 6145
2292 6652
6436 5589
5449 6448
6682 276
6201 5957
6652 4330
4835 5843
3561 5950
4165 6902
44 5665
5956 3573
2734 4812
3257 6543
497 641
4137 4860
4511 2259
847 6429
5876 1298
5925 6295
5251 5557
2886 5126
1320 2254
5556 5072
2325 4881
897 2720
3645 2368
4531 4204
3747 3730
4371 787
5646 1595
3853 5859
5287 509
1806 4699
1345 1514
4422 731
3208 3948
6201 4659
2730 1879
6759 2108
2180 5054
4773 5008
2211 3176
6905 2303
441 3309
4903 1627
486 6087
3947 6107
3805 3124
4638 5752
3834 2502
6449 6411
4070 4393
6272 3001
5109 4151
6557 3382
1389 288
3463 4329
3984 952
4260 719
2346 4424
862 6515
2973 183
658 4808
912 4130
6631 5295
2058 4745
2138 6079
2079 6127
629 5761
2142 187
4826 185
1866 883
1834 5640
6359 5849
624 3445
311 6056
3590 1486
3645 3284
413 4247
6894 4556
2301 43
6121 1951
5429 1790
550 5551
5738 6057
6242 43
925 915
6555 5459
1659 110
3555 3265
2320 2282
1119 1217
4500 3261
507 4764
2319 2264
2306 400
6702 1971
1112 5778
4329 5130
4187 6013
6056 418
5684 780
3590 6980
90 5238
5854 5248
4881 996
2212 5525
1785 6000
1115 6712
6327 6644
43 785
108 1633
4762 4097
2226 1219
232 6442
4211 3764
1895 6287
3618 2895
5484 2836
1083 1059
2054 4338
214 3316
2315 1618
5681 1999
1642 781
1565 5007
6639 6036
3132 6024
243 1753
5546 2710
3825 4826
1464 2757
3003 3072
5907 5081
3492 1486
3175 6990
657 5545
162 3389
2739 2971
1103 5842
3849 4380
767 19
6043 839
6943 1251
3960 6285
1462 5489
5597 5136
1207 2925
5357 1599
436 114
4455 1848
4745 963
1703 5111
5433 2258
5452 4441
6172 3887
3905 2300
490 4290
5540 2947
6583 4785
3273 6851
4987 1044
1320 1869
819 6193
3658 6677
5876 1254
2216 5464
926 3620
5878 1270
5710 3710
596 1681
1332 2233
6523 4501
447 1821
3957 2414
2265 30
5425 229
6449 251
3795 6745
3773 4619
5873 4805
3268 2648
3620 5440
6710 4194
5255 6849
1529 2771
2356 5851
3351 2860
2032 6230
1643 1149
1178 5989
3569 3907
1509 3955
3699 370
4988 5304
3108 471
470 1212
4004 3727
5272 1441
1289 1065
1187 3527
2377 2817
3028 3542
123 3079
4227 5060
1400 1766
3024 5405
2359 4968
2689 4533
188 3409
1231 677
6240 3295
4373 6052
493 3243
4307 2645
3523 1781
1950 5494
6387 5899
1977 2329
388 6510
5627 6203
1959 6139
1459 1650
6182 1669
2429 4147
2175 3721
15 3659
63 1415
4657 1740
1736 555
2335 6316
2161 5258
1508 1636
3965 1547
1056 3484
38 1704
843 4034
5684 6349
5369 2301
6447 2217
5938 5150
6160 1622
388 3304
5043 6222
6776 5044
1711 6778
2387 6463
1098 3871
5418 3894
4729 5062
4118 3825
859 4767
1467 4960
260 3894
6110 4187
2336 4058
3031 5047
5703 1496
717 3418
5814 1097
875 493
4307 524
4395 3261
4507 5404
818 164
1340 2235
4353 4935
2894 6550
3443 5819
3006 505
1914 6905
2303 2693
4188 4945
1362 1005
2102 2257
2749 4527
5051 328
940 55
2810 6797
4312 5446
681 3627
5913 3003
2553 5033
1204 6158
6662 3347
3251 1561
4253 5928
3872 5554
6558 1441
1049 2585
112 6011
6338 1149
5555 2514
6662 278
3075 1364
2343 1325
4327 3755
6140 1255
4765 6879
3226 343
1903 1778
705 3828
2381 6155
4947 4576
161 6291
5301 5995
143 4624
4489 1991
6620 5697
4413 4150
2826 2694
6449 6755
5361 152
4383 5588
5930 3125
4903 4960
1787 5184
4338 5607
535 4168
810 6637
5631 5047
2670 6110
5452 3126
6174 158
1659 5071
765 3586
3340 4484
1987 4565
504 6053
2177 6369
4328 6433
1968 4431
3038 3467
634 6305
3293 3572
1618 5795
2256 6276
2401 1639
6148 708
5778 1574
5160 5158
6993 3894
1458 5851
4903 1979
1348 1961
5745 4432
1862 3027
6493 712
4369 4899
5822 4478
3272 661
4288 4791
3781 2880
3587 6688
5614 280
5437 2364
3610 1125
6975 5429
4760 5067
28 2230
6661 3459
6485 5772
3836 5874
1125 3330
5159 1204
6216 6946
2089 5783
1662 3504
543 5869
3501 5248
4963 6156
4632 1937
4718 1572
6639 1959
4188 2477
5935 4018
141 1200
73 2771
3452 1328
6883 1197
5495 1611
393 6099
6954 583
3803 2054
4653 4848
1356 4655
6592 2615
1539 5987
945 1661
1489 5529
2546 2484
1035 423
545 38
1366 1108
6656 3997
5607 1248
4698 5150
3084 3351
5404 2003
6851 4239
1893 3056
3022 1206
192 5836
496 1912
440 5489
5324 1984
6758 337
4727 6359
466 303
1651 6092
4691 121
2623 4609
959 2389
4391 3058
296 6362
6769 4241
2798 6541
5376 142
2054 342
5830 3224
2559 6845
4534 4153
3511 2317
6971 2260
1351 1328
5801 5973
3581 6041
5781 5775
1832 4539
3900 3172
4764 6480
6020 1020
5513 562
5255 1747
4970 4918
4763 4084
5588 529
197 2296
4555 6451
5130 167
6139 3257
2297 3930
56 2719
4609 5430
1601 1888
5719 1508
6879 3716
1629 4738
3836 5391
3309 6883
1318 1806
6686 5423
5070 4258
3708 6882
4400 2624
5880 1837
3119 890
3608 5528
3957 3174
2413 1216
75 2909
3977 1131
3220 4305
47 2957
2840 56
6213 707
6129 1509
5766 5898
3131 4198
4173 2473
1662 530
1419 404
3284 2132
2657 2378
945 4592
4853 5070
3552 5371
27 1829
4785 4124
1531 73
780 4976
6485 5095
3992 4260
5810 5250
5075 4474
5003 2982
738 6736
1867 3773
3502 4021
1612 1875
6944 4446
168 3816
5644 848
2323 194
4618 781
3108 1205
6299 5397
9 2592
5194 3290
763 5818
6151 3268
355 3117
4241 6888
1260 6573
1447 742
2539 224
4039 5743
6590 2706
251 2683
815 6264
468 4868
617 3922
3866 6766
407 625
6442 2059
5326 5521
5989 5592
2832 5680
5252 3229
3970 4091
4314 6698
2792 3860
3917 1353
1387 6733
5996 4167
6386 2201
3474 3815
3580 2
4978 339
2397 1338
6858 4419
363 5074
1105 5846
6426 3194
4636 3708
3406 747
4606 1950
654 3549
3282 5874
3040 2040
1592 2277
6092 6778
4131 5065
2756 23
1361 2109
6527 5152
578 5570
4416 4241
434 1682
5390 1193
1940 5070
4371 6147
2695 3897
2771 5024
4415 5976
5605 3162
2939 6006
1422 4696
2070 70
2178 4177
6681 3430
2000 6056
3297 258
1939 3767
4959 1082
3503 4680
3826 4250
1147 5225
3248 3873
2848 3917
78 662
4019 1452
3499 3017
438 5441
2617 5569
6350 6967
6022 2297
6906 1349
2467 6670
752 6197
3876 4778
2027 1606
6831 5054
1926 3173
89 430
5444 4773
3577 4519
4887 2462
902 4427
2995 5324
5290 871
519 6697
5397 1663
1333 425
6621 864
5641 6436
5393 848
5901 5019
5544 5223
3005 826
2951 2984
502 1448
3909 3879
1305 5388
1063 2163
3033 1652
1348 6352
5367 903
1327 6744
4959 4051
838 5299
3499 951
5970 6230
1805 2399
577 4513
4848 4809
6256 879
2109 5350
3737 3164
2678 765
2416 2152
5855 5710
6613 1115
5211 4221
1271 5291
942 3169
1472 2108
5690 4440
4190 441
2305 494
2654 2118
348 152
2853 1909
2424 2456
573 3942
6093 5102
1163 340
1455 4947
6520 5127
770 4017
185 790
250 1711
3502 1656
6448 3291
3784 5043
4513 6104
3608 3789
5697 2212
2020 3812
753 5472
925 2592
2931 4197
2144 2088
4566 1737
5753 1663
6804 5335
4397 3290
2297 4405
695 898
3293 6097
5200 1830
5618 5157
368 6159
323 1666
138 2387
4978 1075
5272 1062
501 909
6997 4767
3781 5067
3401 5750
2039 936
5341 798
6047 4335
3431 3387
5217 6691
4847 5983
2493 1186
2852 5215
4953 2815
1242 341
5754 2931
1191 3865
1631 6255
1673 1187
4288 2763
3698 5073
3222 6326
3661 6390
2777 6621
6311 4443
3425 993
6530 1510
4076 3270
6084 2381
2721 2028
2310 325
4189 1475
5081 3500
2039 3171
5933 6753
2177 6326
5652 6983
6372 5399
2371 6664
1458 2148
492 6033
542 2235
5504 22
6754 4617
3997 1939
2264 6827
5653 6306
158 3804
4327 3733
837 2196
1521 3259
593 3013
5763 4524
1539 6965
6464 1133
166 349
2583 4308
4329 5059
28 5438
376 1434
1260 4024
3329 6991
1147 6912
996 3486
3033 5473
6083 1832
2197 1906
6429 6676
6640 959
6444 5320
5668 3455
762 3961
6371 5602
4039 2442
3876 6398
3421 4414
1757 2487
2399 4102
4939 2903
1375 746
6930 5324
229 457
132 2126
436 4009
6680 4123
578 4231
1191 5347
3948 5691
1133 4914
4311 5338
2752 5008
494 5084
6537 4508
410 244
990 1827
150 6136
6592 919
396 378
1739 6724
1198 831
2414 1418
4117 1775
466 956
5869 5416
3754 5950
3957 3180
5615 3857
5716 1802
6398 5151
6977 3477
2612 4739
3009 127
4856 2203
6278 3404
1586 6594
1012 476
6602 3999
2307 5128
3543 4419
3368 1175
4354 4648
1504 324
6478 2968
5470 219
3695 3227
965 5447
2925 6306
5861 3973
4728 780
4726 5138
2965 3665
5016 5737
1216 2567
6985 322
1496 2110
6758 3353
1028 3202
3521 1261
5832 4857
1083 1991
4789 2526
6184 2047
3371 713
1492 5044
533 5450
6467 6217
2305 3498
6064 4482
2155 872
2982 3400
6752 1002
4203 91
5703 5132
2988 5076
66 4534
4412 4071
3469 2206
2918 947
5990 4192
6993 1761
5330 3874
371 6459
1292 634
5858 3786
4538 798
1800 6191
6281 4289
6772 3354
1429 2335
4221 2760
4182 5846
1051 5984
6930 5002
2193 1320
3081 3271
144 6538
3348 1410
6395 4867
6004 4640
2789 2604
1794 3541
5182 4588
942 5426
5113 4953
5064 6722
5568 2333
1316 2245
247 3970
5290 1245
4515 6791
6328 5722
131 2010
6876 2676
4667 3877
6481 3232
6772 455
5043 5626
1404 2305
258 3336
3057 6516
1848 2673
4918 5976
2946 515
1759 5164
4954 5587
4308 3625
5634 4282
4309 1790
3018 2862
6093 1975
2429 6850
5476 3216
2873 4823
1158 4231
3746 482
3154 1567
542 5593
3459 1071
3586 839
6425 5217
6193 1540
3173 1084
2873 2178
5039 4833
6807 3243
3092 1483
2051 6587
4410 5919
3149 4923
2756 2919
4485 4246
190 5909
6980 2379
3217 3648
6216 3565
2456 6994
1077 5408
586 2980
812 1302
1896 2976
1811 4970
4557 4987
1258 1213
3487 6318
2236 1758
6004 6242
5150 4073
6451 6193
2841 2481
3398 19
12 2056
4816 3205
6185 5441
4094 5401
5728 4348
2318 5989
3975 538
6102 6874
6191 2584
4342 2588
1829 5778
202 697
6889 4331
6811 4004
4023 81
2137 560
3765 1386
4178 4304
56 301
4648 1271
259 5783
3673 6965
6838 1586
4169 2774
5362 3380
6510 5862
6558 190
4520 6711
1067 6447
3879 1683
2242 5089
3826 3367
670 3358
3658 1004
6626 725
6508 1306
1270 6885
1470 532
3305 5460
6191 2990
1852 1666
6208 3052
2763 1409
5207 1079
2761 3829
6269 2086
5452 2355
5712 446
5801 6122
6846 2370
1027 5427
2663 3705
4236 2296
5107 4132
121 541
6558 1650
4701 6324
733 3117
4196 4815
1643 3291
5376 4308
4014 5263
3061 1180
301 78
2447 1861
4639 4498
5555 825
472 301
4432 2790
682 5579
4580 1905
1228 4592
708 2280
95 6312
2603 2255
3915 6089
1704 5330
6509 5280
5357 4764
3976 4161
6011 5155
5979 1615
1915 4565
354 6451
2381 3699
2955 5388
2979 6960
2239 1534
846 1038
645 6685
5774 800
6129 4559
2838 4829
2592 2990
150 5547
3701 3919
5533 6160
3724 2680
2130 4800
1498 1430
6817 4510
1821 1804
3337 147
1184 4059
1096 1534
2333 1828
3738 4221
2049 5814
1803 3928
2474 1992
5910 6304
5464 3526
6205 4443
6594 6539
5320 5686
547 5443
246 2488
2634 2367
3778 3582
5116 1170
349 4873
2093 4800
3613 1439
5366 4141
6132 5415
2071 5191
1716 2393
4187 534
4424 5273
3958 3780
2222 96
2583 4505
4223 6819
753 2569
1090 1000
5872 3220
1019 5790
228 5316
2456 1984
4750 2945
1135 5939
5684 6820
4705 203
5475 2870
6650 2129
2224 6784
1640 6223
3394 2158
4726 5863
4214 4146
365 3167
1957 438
5753 5735
718 2184
2481 5561
1851 5468
5287 967
1169 534
3404 2992
2472 3995
3779 405
3979 2047
1556 5418
4280 372
1869 3634
6800 1494
6283 6585
5320 1756
1292 5035
3595 3389
6208 3772
2090 2798
3331 4495
4838 3259
4605 4086
4490 4661
4059 1383
6801 5821
6192 5614
2247 1432
277 5413
4997 2047
1154 6559
1946 668
4057 2445
3568 2892
5689 3264
5110 3010
3620 2020
3457 299
4959 1224
2607 5299
4119 2017
4983 6759
5542 662
6074 229
6627 5819
2729 4071
4738 781
577 4674
566 6146
2410 1497
4506 6254
5625 4871
5170 1125
2348 6434
4732 3128
2497 2306
2064 1850
2511 479
5059 4958
3776 5937
359 4686
5466 6504
1530 2448
1594 6042
538 2095
5700 1355
6225 2395
3519 1677
1110 1746
2226 3219
5524 3193
5042 4722
2552 4940
2897 4904
1192 610
5295 4024
879 1550
3998 1112
154 6760
1854 5591
4297 5043
4790 4906
3934 873
2619 1308
1878 2395
5587 4844
6917 4754
2693 980
5883 2468
429 2941
4316 75
5976 5724
6835 2546
2306 2973
5915 4340
6735 1511
6416 3211
1436 4524
3183 701
3095 4054
1897 5061
2814 6033
12 1813
1632 2858
3150 5895
3321 2060
5135 4817
362 2296
2621 2322
4013 2667
4178 5887
6450 3747
5622 945
1646 885
4938 6157
4217 2092
1125 4186
3350 4382
4591 5488
4382 4981
4392 5092
2908 5054
4702 2527
4848 3269
3288 4674
3560 6212
311 465
5761 3009
1245 5932
5088 4758
6850 3534
719 6656
1389 5326
3813 4068
6400 5979
4070 5547
952 3792
3670 4329
598 3005
678 5869
5080 3885
1701 1590
1950 5390
1674 461
5219 3195
6728 4113
1121 2420
5097 447
1866 2509
5840 6261
4807 5618
2409 261
4590 3111
6115 3430
2298 2539
3775 6793
1382 4729
3119 5475
3287 3331
3877 2144
6256 5857
5628 3605
1403 4728
237 1076
337 620
6237 3428
3688 2495
5605 1645
5074 1277
1167 4720
1864 4723
2452 4941
767 597
1279 2922
5065 1406
262 5156
6112 1672
6400 3242
4317 514
1133 3988
415 2005
4500 4722
6366 4102
2731 456
2527 1792
3866 3897
1838 4390
2338 6317
6590 2604
4009 3617
6124 2006
3678 1623
2216 2587
452 429
4416 3884
5889 1584
3657 4830
6283 740
1195 3023
2166 2013
5910 3722
5463 3383
52 747
702 801
1769 6641
1647 2063
1037 5244
830 2676
3104 604
4487 1281
216 519
2700 727
1466 3873
4247 1982
3995 2661
6382 3764
146 256
5354 4844
2996 197
4190 6055
5469 4764
359 5836
1511 3857
4460 1188
2468 1966
2484 1947
2673 2684
3908 2535
4516 4139
4151 1154
4917 1510
1765 884
3079 5062
2611 4470
3525 6075
1190 6800
5635 6345
3202 1549
2736 4497
6462 661
6959 2556
2591 6297
1831 2632
4122 6498
651 3698
2560 5624
6507 2919
5332 1676
6146 2585
6011 942
741 2670
6366 201
6101 3727
5575 2567
3228 1836
1743 2388
1684 538
3169 4333
3830 866
4564 4642
3265 1832
4750 123
6150 2771
2708 3082
4023 5295
5316 1718
1918 2116
3194 4682
248 1018
206 1769
4156 827
1365 1948
3633 3192
4057 1885
3879 462
6646 5972
3446 143
266 4395
4828 2596
890 2973
4690 6203
1318 6206
3887 3960
2329 4511
3631 1486
6665 6886
6186 787
3978 5381
265 2818
631 5386
1710 4143
1638 276
2023 5155
5102 1903
2227 6850
6052 5992
2549 4268
1227 4721
6584 3787
5272 908
793 3214
1352 2288
668 4330
147 2681
1067 933
2427 778
5405 128
5282 4064
3318 427
4629 736
4079 5544
2812 1032
3105 6627
3413 1390
2297 2688
3253 6036
5676 442
4771 4605
285 6343
275 4918
3047 5703
5830 54
4117 1451
6230 1464
2199 4787
3330 3858
4889 6277
3255 6141
531 993
1032 4019
406 179
620 4285
6241 6081
5424 2743
660 3877
6932 3050
3103 1058
6860 5761
4576 4572
2358 6089
2946 6774
3402 3039
6532 5187
3531 6656
3674 4414
4592 4563
6199 4080
3160 2564
5306 2791
6667 1583
1985 3317
4374 6598
2711 5087
10 1585
674 286
4412 6719
2758 971
3509 813
469 2289
6702 40
1954 1494
2925 1645
1560 1152
1294 6085
5019 6865
533 960
4910 3
2442 2258
3843 620
5257 6803
6522 4516
2838 2668
833 6631
1919 6347
6386 5653
146 5972
4968 5691
6842 3071
6507 6528
3744 5487
6446 1877
1880 4277
3886 1707
6678 1673
1475 728
2595 2287
4954 5348
4978 5433
2131 3138
1790 4248
571 1516
206 6288
6710 5539
2418 4399
2885 6216
1092 3513
5141 6682
5741 323
6347 2027
106 5418
5056 822
6169 2701
5485 3010
3499 1499
5746 615
6482 5289
1928 6317
2207 4039
5789 1637
5204 1976
5488 6025
3058 3647
3970 3629
5655 1798
4568 668
1489 3112
5812 2623
2984 5010
6508 1648
6614 6483
2123 2605
1921 6095
485 1402
3038 1479
3454 6273
5297 5593
2239 1942
2922 1355
3152 3560
4228 5928
2039 5071
694 3068
5429 5203
6850 1029
511 4936
4893 3816
2910 6985
1386 4165
5644 747
19 1775
367 6449
5742 5316
4022 6958
869 1663
4942 4525
2596 5096
5516 6981
5183 641
1669 3944
6232 2384
6199 6532
3868 4124
5640 6461
207 5254
28 4283
3732 225
2892 4747
4704 6825
1488 4265
1790 2924
5372 6429
3761 1737
2377 3887
5182 1943
1679 1397
5280 1765
3240 877
337 2148
4753 1880
6162 4895
5120 2132
6878 245
70 5363
2628 1933
4857 5909
2689 1769
3505 3228
4466 6450
5744 3233
1981 2647
4412 4774
5651 261
6760 651
2530 3339
1234 4512
3995 6044
3640 3705
6419 1225
3157 1061
6969 6398
1166 5365
5944 10
6459 4670
902 761
760 2554
328 235
4847 2523
525 3330
4020 4606
6469 3055
6450 2605
3661 3463
4687 441
1502 3080
2477 5196
912 1470
5831 3643
5664 4208
4968 2641
5195 3918
4152 3079
5601 2874
6203 1998
6603 6126
6532 574
3179 3423
4237 5981
6421 6839
2918 1924
4471 922
6744 2747
3741 2734
6941 2926
5567 2404
6321 2261
5339 1113
3986 824
2821 3940
417 540
1113 6775
3197 6948
5928 4291
1482 4786
4061 2700
974 1751
4497 1531
1616 5069
994 1237
993 1557
1169 3912
5024 4665
5489 3859
5150 2009
6900 1309
5436 5566
5513 5365
2655 5984
3769 1792
1844 1488
3239 829
6711 2817
5237 735
6324 1327
235 3582
494 316
4980 1403
5261 5517
4878 3468
2129 763
6328 4777
3141 564
3899 4841
6632 3148
4635 668
1496 1475
1643 5225
5960 5559
6885 4231
813 2635
2950 119
5873 5658
4174 5281
6101 1485
2247 6403
1532 5581
3496 1575
3767 2024
2523 394
1061 3398
2225 158
5382 6909
5467 1219
5450 1693
4327 2703
173 3614
2271 4628
261 6045
529 3796
551 6361
4941 128
6054 2082
4105 5788
6181 2820
3569 6628
4137 4594
1854 3145
4364 6870
5915 4672
374 165
1130 593
5221 546
3942 752
1899 5481
2193 1822
1949 2449
4530 4485
3272 1002
1173 5987
2966 6804
4397 4742
886 4454
1675 6250
1273 2601
2765 589
1182 1646
6543 3894
1997 3754
6586 3484
2658 3896
6344 1778
6262 4606
2960 1226
4564 6885
6688 4132
6225 529
2334 1437
5038 111
2711 4008
4597 6311
5308 2828
4073 3130
4235 2203
3038 6070
2965 3820
2949 5695
653 2308
3533 6562
6446 3612
5095 1096
5976 3485
4921 4320
4430 1309
2669 2959
6621 4492
319 265
746 4928
130 4392
813 4980
6151 3168
1862 3777
6084 2099
1660 6866
3477 6969
5416 1105
1941 5924
3243 1744
404 6862
2820 5024
6867 3072
688 2440
4719 186
1929 1433
3764 4849
5368 2741
3869 2914
2364 4581
4447 304
272 4023
2479 5275
4198 3040
4783 4420
1633 440
2815 2538
5610 4452
4243 2682
219 6297
5082 6313
1513 6499
6591 1845
2111 6880
1813 3459
1114 1826
5849 3611
1885 1386
1777 5679
450 6083
3874 3911
6448 2082
3885 4041
4074 5057
4354 5479
4792 4292
1142 6787
5983 6304
3536 732
1542 5445
271 5348
1958 2655
1392 3471
2149 1194
276 520
4430 2599
4680 1502
2894 3878
6286 5917
4395 6967
4258 991
777 2186
1490 2751
834 6760
5204 2377
724 6727
6733 5474
1944 33
1226 1125
1644 1445
1395 5854
4707 3426
4655 3426
2342 600
566 3940
4931 6737
1922 2175
4925 3059
170 763
3139 3110
2836 5374
1199 1214
1246 2568
1044 495
6291 6824
3029 2688
3465 685
4110 735
5686 1119
5058 6452
6188 3603
5777 340
3399 5461
6224 1053
4162 920
6293 2362
3576 4349
6916 4844
2690 2173
6348 960
999 1980
16 2376
462 4463
2933 4125
928 6147
2749 990
5682 4467
2928 5877
4281 6432
351 2151
1864 5794
3142 3996
6191 2791
2316 410
1369 1880
1211 1663
1391 6719
4181 1226
2702 1852
999 113
5454 982
5448 1099
4328 1487
918 1375
877 1608
402 5621
2616 93
2883 895
1304 1806
1037 2550
4213 24
6742 6599
5176 5603
4806 1274
5738 5229
6210 5804
4255 4192
5678 4658
3384 1582
541 3948
2568 4261
4353 5294
3541 2535
1692 4587
137 4844
4868 2728
2326 1701
4655 1961
3235 4853
3081 2460
5616 1972
3515 2291
4300 222
6155 6545
3492 683
4943 6695
2341 3411
5945 6647
1586 5881
1076 636
715 6074
774 5943
5256 392
5244 5428
5239 1490
3461 1324
966 3854
1427 4328
3872 5265
5948 581
276 363
3773 1242
5241 6968
5848 69
704 6826
5899 6923
3218 5770
6161 4024
6803 1473
314 1756
3079 5041
6247 1126
5453 1397
6661 673
1254 2324
38 5608
4202 5881
5848 1162
1230 2442
2267 2047
6321 6285
5054 5517
2540 6890
5714 1566
3321 2342
382 6027
4505 3752
5148 3980
4653 2957
2633 4808
768 3258
6490 2670
3832 4969
410 5337
4735 5061
1698 28
5544 4055
3945 6751
5669 1083
3424 2658
6037 1989
3092 1157
5137 3541
6497 1239
3399 141
3398 2129
2151 4166
2134 239
2927 5982
1394 6895
6922 661
2067 3091
194 5465
3899 6011
6021 5862
5202 322
5830 2409
5949 1294
2532 3966
1458 2797
2278 5930
447 2207
2445 4428
761 6932
6826 5371
6031 2154
5245 4099
6915 5450
1812 2790
1651 3813
1486 832
3240 4204
5497 316
1633 6540
2337 5381
1662 443
2649 4614
6393 2109
6392 5094
816 153
2306 6218
668 4199
2648 4902
691 4935
1747 4459
2643 6693
3897 585
5252 3234
2774 6745
5125 4236
4678 5110
75 6787
6247 327
2772 6467
6619 2990
6559 3587
5137 1924
4178 227
5161 784
2595 4868
1913 4259
4843 5237
1470 5809
5553 446
4682 4243
6704 1030
5168 2359
37 6778
3596 1766
4755 2808
3747 3214
2490 4314
4540 1883
19 6667
1886 52
4310 2613
5201 1150
6958 6505
6950 6670
1265 2863
3892 4631
4342 5320
2450 6411
1176 4378
4538 6045
6611 5930
3243 5636
4870 2100
6118 5134
5185 4888
4852 5355
6505 6847
6351 3052
74 3814
6676 3652
5635 1338
6657 919
329 2976
4705 2106
5503 1504
4786 2242
877 5113
212 1028
3514 3099
986 3681
6387 1698
5896 3190
6241 5891
57 5246
1898 6314
5003 4084
5003 532
859 4660
4117 2683
1539 5563
805 2619
731 6324
4703 6033
6483 5294
6326 1216
266 469
3658 3065
6307 6161
4407 250
3916 6363
3447 3656
1539 1918
6577 5801
1483 2397
5311 1046
1016 3021
2344 3467
6852 6099
1744 47
1262 6334
6802 5422
1486 5879
5040 811
5413 792
155 6798
3453 2328
4245 3601
2401 2343
2091 1174
6571 1235
4256 401
3868 586
6684 3951
3997 3719
3052 5780
4201 2611
1489 206
5368 5686
6477 3880
3677 3780
3459 3983
4935 129
6823 704
6229 4687
5922 1913
2314 5799
3736 3177
4479 6181
2899 772
6551 1476
1438 3302
3507 3751
6788 278
4158 6227
3006 3616
599 834
5315 3817
4520 5533
3220 5137
50 1100
4250 6493
21 2363
5895 985
1756 4499
3326 6145
2446 5658
2408 4763
2393 3305
2531 6547
3163 6550
4735 2888
6704 3761
6645 3049
5538 1575
2674 216
6708 2939
2653 6923
5260 6728
4227 1547
5043 15
3025 552
2667 488
1144 2784
2331 5059
1960 3674
3914 5493
6605 6694
95 3617
5192 6249
3817 5632
1570 5217
2492 3524
604 1574
3120 751
5117 2182
85 5514
6001 1141
3925 2751
5161 4497
5522 6255
2099 120
4166 2435
6052 1703
5303 4260
243 1595
6811 2119
2995 6164
737 6654
404 3598
5779 1208
6721 5521
4013 5863
5966 3073
569 937
4543 4126
1598 3443
5877 6641
5695 5763
374 2280
1226 3998
3468 4968
4131 5389
5042 6462
411 2219
3426 5446
1318 3541
2404 498
3570 5330
6267 5721
198 1491
4933 3809
802 6147
2261 1161
3441 6496
845 2634
601 2018
406 4313
1126 2083
4301 5448
1245 1537
5077 5078
5575 2562
891 4832
904 2145
987 4509
5670 1102
4600 5919
79 6471
5966 6861
6846 871
2889 6811
4123 447
6881 646
6093 2600
1488 4182
6611 4689
250 3917
1748 5186
4682 5493
353 4
5457 5668
1938 6022
5492 3056
2916 2016
239 4458
4268 2762
560 479
1124 5742
5693 440
1973 4569
2257 181
4097 5936
4121 6859
2703 3196
3199 1802
4821 3055
2077 1655
2063 6758
1773 568
2377 4978
5091 6363
6841 3996
89 3002
794 5317
2885 5782
5962 2766
1701 2493
6703 3058
3605 3173
2326 2405
5460 6804
5810 146
6903 4888
5455 872
3202 6028
2742 5184
2179 5644
1646 2583
5251 2268
1049 2439
2556 1135
979 4362
4771 1609
4781 682
438 1375
5530 107
4604 5897
1136 4340
2563 1859
886 6591
2126 3116
1760 3627
3561 4304
3923 3405
5843 1811
297 4971
6684 1398
3006 5628
6309 4454
5829 5139
2597 6746
2995 1710
6049 200
2058 4130
1072 5964
2079 295
1274 3197
4853 1190
4594 4834
3997 1775
4098 788
6538 1645
272 3781
1235 6895
5033 6580
3678 4415
6124 629
5181 4024
5505 2525
1488 4590
4885 6577
125 918
2108 6158
1343 4977
4104 4053
4841 2691
4336 1201
4981 4378
4272 4607
1539 3567
981 6657
4637 2568
6591 4457
6981 169
4759 5095
2023 5820
4089 6995
3504 2148
4476 6196
601 2198
4889 1579
131 2793
170 2224
4182 2464
6030 1793
5801 5720
1287 11
4467 790
958 5229
3324 1799
618 5716
3062 2698
2197 4706
1254 6565
1763 6673
5603 6206
1998 6651
6226 3086
5549 6519
5663 3407
6479 4578
1940 4464
5253 5117
3346 3758
5556 3562
2278 4021
6718 3525
5583 2691
2256 1915
5939 4188
3393 4018
1020 1893
4978 2742
2260 4597
1003 3526
5456 5274
2737 4833
2950 395
1505 5341
1903 6295
3315 60
937 1532
4222 384
2298 3871
1058 3829
5198 5588
481 1802
1895 3569
1165 5458
6336 4154
2427 6520
4352 4791
2537 2516
5208 4653
3947 4041
1453 4462
3345 4613
4997 2389
3611 4919
1747 4646
3234 2020
3821 4297
865 1066
6523 3067
220 2030
1549 3210
5352 6998
6865 3252
905 889
4929 5073
6886 2203
6816 3733
3473 3231
1149 2164
4161 83
2102 247
4543 4746
5811 3274
6340 5408
437 2686
5895 3911
1261 6337
6940 4247
2487 1125
3549 844
399 4767
1500 3435
4017 214
6729 4972
2407 5165
5411 3889
1635 4508
5134 306
5713 445
482 4473
5736 3501
189 6377
975 6996
5472 128
5324 3461
1227 2021
2807 3074
3287 2726
5050 6823
2339 367
1607 456
2315 5101
5406 593
5390 448
2273 1470
2322 5871
5247 1008
5355 2510
6990 6221
33 3826
3198 2665
5738 1260
3985 3356
530 6376
4094 2034
6841 2868
5321 5700
6293 2156
2603 3726
2548 2034
904 2227
3234 4869
4731 3503
75 5940
118 4720
4736 108
1367 3315
4023 3473
200 2703
2089 4552
4772 4293
2992 1929
1436 3092
4169 6636
1669 4039
6265 6716
1937 2573
3427 6851
3142 6667
1738 3501
3608 3259
3926 6473
2945 2326
5029 948
2851 3144
436 117
6397 622
3713 779
415 833
2223 882
4949 6435
6359 5839
3041 6885
3903 2785
6286 6183
6793 5640
5112 245
2571 3718
2017 5408
5903 599
5067 4868
2841 3690
4469 1815
2647 6554
4787 2235
1669 2221
1060 87
4324 1028
1164 1452
634 1226
6866 449
694 427
1496 4977
3385 3264
1214 865
5732 6639
3329 6280
5446 1572
5477 797
3031 5445
665 615
5054 2051
430 6076
528 2377
954 1594
6394 5513
3291 819
3148 87
702 4787
5651 3884
3522 1915
5546 1734
657 6850
646 1344
6788 3486
1452 1028
431 452
3880 6505
6233 5212
6805 1759
271 187
1005 3551
3637 3562
5700 1504
5387 1691
957 1702
787 1909
6110 3855
5198 5795
2280 4108
2487 4985
2788 1084
4940 2917
1129 4019
5777 4173
4359 5285
1835 6048
6961 2715
1571 2824
1866 3012
2065 6957
6217 2822
4028 203
5997 5327
6786 6577
1913 5629
6712 2272
2541 4701
6071 2003
6175 1021
6305 4848
1247 885
952 5492
5667 1207
1570 2522
6830 532
705 3634
3836 6047
1725 4733
4309 184
5812 1510
1133 6222
1274 2875
4878 3673
4693 344
2543 1404
2289 3998
6841 3789
4995 592
3113 5507
3390 3916
549 2942
6340 4094
6178 1736
1920 5416
4277 3487
60 5083
958 5410
2082 5685
6028 3187
4590 4127
5476 5923
2711 6878
469 5316
1174 5058
1973 933
1227 4563
6008 6874
1609 4918
3334 5186
6024 880
3315 4962
3371 6083
4767 4272
4810 2805
6931 1146
68 2399
6629 5406
1073 2779
5188 4449
5382 2246
4160 160
4385 3960
1877 3167
1352 3346
4225 5210
3172 375
6457 539
2162 3894
4050 1575
73 6971
6722 3980
6737 4492
4622 6350
3798 809
406 2809
2969 6531
3490 4565
732 353
3698 5367
928 2083
6810 5275
3165 1451
2697 3618
5193 2679
1 6746
3726 2617
108 6722
3423 814
5975 4730
538 221
4103 6380
1297 858
5563 593
5959 2028
1462 2260
4886 4238
5689 1271
2241 5403
1081 1385
1130 433
401 1081
5155 2207
373 508
5237 1577
6149 6347
3078 5775
6632 3252
1196 4374
6401 5194
4806 4506
1743 5215
3837 43
5445 4783
3519 6077
3861 6525
4958 2001
4207 4261
4769 3112
2040 1931
1277 357
6131 1189
1792 4355
1728 3115
5660 339
4844 5481
1047 817
860 6586
1721 4883
1312 6304
3181 5239
239 5172
6785 5490
1601 1798
3728 1905
2261 992
6532 5005
6711 1392
1858 5675
6013 5790
4270 517
5686 3856
794 5316
551 6545
3200 2514
5104 1862
33 3732
2221 5343
4492 4169
6073 1173
6517 1219
3575 1334
77 6048
4723 637
6427 1934
6802 3735
4943 3696
6364 5487
2383 3088
5601 6914
1775 2935
4018 1056
3750 6159
3328 6239
4763 1241
2460 6752
1085 4279
679 3386
4023 1161
446 5401
6487 3449
4496 248
3086 1781
4868 3859
1124 2821
3107 820
1876 2898
6409 124
3714 5625
6866 88
6839 1477
3107 6677
414 924
6436 3785
6537 4436
5236 6882
4481 3376
5156 2732
3942 4918
738 3024
1195 5066
963 1196
1320 3070
6047 4723
4810 5033
3861 3264
2940 4649
2924 6968
1104 3353
5141 2359
2240 641
1368 3376
6107 6720
4638 6523
6898 3049
5466 2727
3923 5445
1514 6428
1503 2594
626 4912
1175 6312
1312 1839
6158 4114
4819 4235
6594 4613
2605 311
3686 6185
3257 3972
847 145
545 894
972 744
3540 6010
2789 2246
4839 5054
2965 4291
955 2817
4655 1492
5605 2266
6501 1164
5776 775
1085 3446
2630 1381
5352 2123
2267 5886
4131 6198
4294 163
6172 2455
4700 833
3238 6312
3603 2539
2707 3555
5046 1909
4174 4713
5876 1002
6129 1026
4471 2003
3383 4565
6687 101
3338 6087
2636 6305
6467 469
2923 4281
2466 2990
2302 4974
4864 3055
6609 3256
5164 570
5282 2006
360 6689
715 1509
864 3840
1404 5185
2637 4246
684 1091
4747 5975
3795 672
4952 4214
4555 4069
6394 4769
824 6856
463 4258
2179 4784
4142 2978
2667 4813
6321 4501
1340 3381
5917 184
1782 95
1185 5906
4880 6817
488 5932
497 6026
446 2792
560 5051
2259 6839
4096 1383
6167 73
3051 6275
4087 3308
5160 3069
3801 759
5295 3851
3945 2717
5974 4428
4244 2482
5765 3853
230 4732
523 3613
1663 675
514 1082
6817 1273
1346 4609
1235 3335
3994 1748
4816 2673
3432 2153
3355 1616
1684 6078
3505 299
132 658
1862 748
2831 5896
6860 2092
118 705
6139 1523
147 631
2592 5955
6641 5844
591 1178
3851 3634
3138 5406
4373 4634
3711 6492
4142 3409
1418 4567
2666 1626
4873 631
74 5497
6201 4733
3607 192
5174 2691
5997 3753
2597 765
6295 5637
2270 3187
5945 3145
5130 5407
2250 669
1429 1840
6406 3744
5369 2846
829 2071
4919 593
5325 902
1093 1472
4162 1931
5684 3619
1735 3159
1795 5632
1818 1029
4173 1417
4175 5114
3135 6654
1493 3777
4872 4563
4761 5250
4673 592
1184 5589
6490 6943
1414 6509
1439 4935
5905 2928
3438 4474
3105 639
1668 2584
1352 2275
4740 3192
2846 5527
6655 874
5437 1690
4292 4526
5117 3197
6137 1964
6258 6300
5808 2978
912 5024
951 4599
2072 6816
4807 1740
4323 2529
2155 6474
17 3027
1553 6894
768 2862
1904 1207
5732 6204
6752 6195
5510 3848
499 3240
6217 4767
2790 6307
1257 4481
1648 1092
183 680
3208 6454
3279 1858
4884 5362
5256 3296
3509 3788
4994 3375
6930 5412
4606 1077
2276 6681
272 467
5234 2774
6432 6488
1320 5375
3819 688
1368 2968
6773 1353
3210 4575
289 3052
3699 1093
4880 2896
6270 207
5619 225
5653 6199
3231 576
1043 928
3702 3502
341 3628
6354 485
1173 1661
1980 524
1877 2540
4466 1752
2155 5086
3531 2106
5001 5853
6060 5762
3339 4270
3468 2030
6957 1991
2919 4050
551 5351
1978 3972
4456 892
6904 5684
6207 2980
2871 1883
3634 1083
3521 4689
6794 5789
1993 4403
3164 2147
3768 1052
433 6502
5845 236
1637 390
5740 1763
3086 2188
431 5070
3753 4893
873 334
2216 311
5746 1095
5783 3201
6341 6618
4020 2929
5075 1334
6737 4535
1389 1842
6429 170
4911 233
6347 1066
605 1002
6071 2432
4676 1035
5720 175
486 5548
3995 935
1487 3583
3200 2777
5705 828
6513 219
2105 1131
2973 3601
3770 3493
1077 6753
818 6032
34 423
206 1422
6808 3456
3631 4882
781 5527
3813 1468
5050 4775
552 5300
3479 5601
5819 3608
4739 343
3943 5275
1768 5063
4815 5065
4096 2844
3267 2985
1758 1481
4937 824
5705 1566
4444 5919
386 6486
1612 1257
3908 2787
1387 6515
3123 4738
5080 4557
2831 5213
3275 2022
4438 1950
4794 5441
1425 5886
366 5412
3587 3183
2100 2654
1572 2292
6129 6543
799 6309
6447 740
255 2058
6795 5185
93 729
5941 4874
4248 2924
2225 6567
5007 6037
4922 18
2781 6432
6966 2640
5293 6368
6011 2065
1607 4217
877 2491
3230 6758
6167 4676
2860 836
5916 5962
1187 2953
3228 4856
1774 2786
1823 5452
2822 6781
3564 6744
6735 2954
6673 3529
5593 2380
6596 3035
5525 4551
1660 4824
2499 6107
6942 827
6788 2711
3015 5858
1065 5326
1112 6242
2045 2839
2619 2934
29 4866
5172 3534
62 6764
6495 4844
879 3006
4908 6090
1265 6403
2861 6568
4746 1116
1178 2803
6012 1885
210 4192
785 76
266 5673
1606 2829
5047 236
3769 5987
3102 3218
5413 3830
4187 2596
6037 3643
398 2095
6014 4653
5768 3258
6060 3759
5643 6945
4136 2423
2499 3204
1877 2272
5101 116
352 834
6820 3147
3716 4120
5302 273
2868 6480
3123 2488
1934 6256
3909 3520
6777 947
4705 2676
6973 3189
5611 699
1255 1460
3732 5461
5577 3131
3964 1832
2330 5928
399 1136
1408 3397
2876 5700
1188 1628
883 5998
6869 3121
4068 4791
4819 3998
186 6124
4175 4791
6250 3148
5961 5429
5911 333
6516 1889
816 226
1361 6197
2593 5566
4266 121
1748 2821
1818 5453
5925 6982
2125 6039
3036 344
3820 6943
2085 3221
3720 994
3774 5686
6019 2680
4568 2684
2909 5534
4731 2735
1301 1622
1742 323
495 5566
1370 841
5174 6665
5703 294
4990 298
4592 1738
2310 1809
2802 6676
5362 3381
6061 3927
6610 4380
265 980
3715 6870
1491 4995
2670 2367
5284 584
5776 3164
2828 6653
4298 3950
1599 5882
619 2287
4095 6191
5866 280
3661 4248
1174 1579
5958 2721
1052 783
5005 6223
1569 4766
4484 6495
4431 4238
4754 2767
6771 3206
4507 4933
3815 4069
3707 6106
5296 1785
2065 802
2401 1513
3092 5725
5797 3575
1709 6401
2975 6848
1966 6713
3560 4544
6133 6449
6568 5342
5899 1238
6171 6338
758 3406
2511 2985
4769 4465
2618 5158
6670 4185
2909 5018
5944 113
6514 6057
3257 653
4717 2488
31 5222
2022 5628
1321 3516
4753 1589
5279 220
3625 3923
4259 6036
3500 3487
1644 2028
6212 6117
1487 5665
5778 6473
5529 430
5434 5291
778 6137
4358 503
3482 5161
1676 3732
2672 4803
5022 6428
3351 950
6986 5998
2484 4961
6988 837
4306 4127
2791 3552
376 5792
6221 5920
4210 3256
2393 2007
2509 2340
500 4102
833 5990
3792 2175
5954 857
1806 6165
5162 6656
4617 6143
4332 645
2123 1956
5507 1637
428 2266
1185 3234
6490 4000
3358 2747
5086 1882
5983 5866
2208 5585
5111 4168
5024 5999
2516 1416
1072 4181
676 677
5674 3040
4995 5007
6643 796
413 854
4087 4422
5773 5950
1696 928
2809 2131
5348 6781
2717 6144
3311 555
3906 5179
6594 5686
2866 6421
4449 5017
5408 893
5899 3122
1270 755
1608 2893
4666 1682
631 3046
3974 3439
2921 2326
6458 6782
3277 5620
6175 2174
4704 3939
2624 432
4204 1650
4018 2842
3734 1652
4774 2426
3180 2633
2877 6043
724 2139
5184 543
1333 5707
1032 6509
3643 1605
224 4842
15 6919
3858 3750
1533 2071
3720 6481
6674 5736
388 5089
4866 3408
3392 5161
1555 1045
535 6268
4162 2278
5336 5719
5227 2846
4450 6368
4209 6221
6140 2026
5775 1575
997 2997
6829 4660
3395 2068
157 3855
262 3782
6294 5022
3419 1005
4624 848
478 3953
23 1786
4631 5813
5180 2602
1822 6433
1458 6740
5667 961
1309 4584
2243 6663
1731 5490
2344 5638
6771 1887
4260 6957
5313 6065
6912 678
4631 2936
2073 389
6202 2005
4606 4056
3488 1733
5825 6428
4740 4945
6880 4491
4153 6049
1890 6475
5112 5883
5121 1585
1541 2234
1298 2381
410 6853
140 5562
5950 2392
4397 2213
6268 2503
4236 2002
5781 2755
5051 412
4902 3521
6921 2282
1756 2054
5289 1810
3394 4219
6453 761
493 2286
6490 750
3663 5255
646 6629
1841 2613
2467 5042
4396 1108
1214 4054
4465 3176
4048 3616
5898 2366
1772 1320
3129 653
4872 4412
5172 3874
3511 4324
2425 3017
1271 3000
6981 6088
6052 1916
4310 1821
281 1518
2924 6057
6584 5846
2462 388
2754 3632
4951 1359
2011 1877
6288 5432
6657 4234
5909 1811
4827 520
871 1334
4773 3449
2717 851
24 3824
2693 26
6082 4656
3501 5616
3356 5665
6648 3314
2024 3461
5337 1951
4734 1387
5620 1976
3786 4390
4909 4529
3214 5965
6765 3132
3982 986
2161 2481
2506 4005
6012 2205
821 5939
1956 2513
3178 1528
4988 1603
3553 5202
6588 3324
5299 1286
3028 5207
87 6436
2752 5288
1419 3300
1637 2517
4997 2753
4109 3797
6002 4855
3793 3121
2985 4174
5701 3100
4703 6162
4363 1040
4363 5607
4245 3950
6509 13
6448 4624
263 6595
2895 2200
2068 6034
1786 4531
5680 64
2270 5894
2014 2033
3558 3415
6514 4998
1512 6610
649 1568
175 5874
176 5011
2375 1771
3746 6684
3630 1822
1373 4008
3041 3876
1407 3440
856 2178
1072 4438
6470 3125
6539 437
2787 379
6988 3405
4972 4298
523 636
2998 2498
4268 698
4733 5372
4545 5365
6725 1363
2590 3270
6709 2765
4943 3996
5785 4916
5393 3366
3802 2606
2984 2283
5687 6588
1237 2971
958 3659
6156 1760
6809 3955
6678 776
6140 1894
3256 4223
492 3216
5981 3197
193 4552
6820 1275
4640 3329
5935 5212
4846 5793
5381 1918
2241 3533
191 3969
5728 3198
4505 3698
4473 5537
430 1534
3108 965
4180 1037
4233 3599
5503 512
6138 1777
5106 2674
5237 3777
6922 1392
3309 3082
6614 2654
6622 5549
1747 4156
5206 5350
1238 3603
5136 30
994 6019
4407 1244
2194 2526
389 5991
768 5048
721 6527
655 3225
4616 5957
6391 4928
581 5276
3825 3356
512 203
5552 2923
3877 5717
5746 4141
3159 2012
607 4092
3969 4917
3907 2801
5200 1709
5587 2026
5250 5921
2229 3594
1521 217
2845 5971
2327 2102
2304 6669
6943 190
3258 5207
6699 1171
3182 6355
3446 209
5125 1141
3941 4766
3827 2031
4057 2140
5412 2413
6006 6658
4227 4993
3963 4879
6980 71
4091 3641
3830 6635
4841 4033
5203 87
6442 4539
2099 5736
6876 239
2357 223
2253 1168
660 6183
5947 3661
671 6071
1415 4953
2831 4897
4967 2730
6370 162
6796 2057
3441 3200
638 1988
3878 5995
4730 79
4670 5976
6198 1958
3125 26
6208 5802
2463 3784
207 2506
4810 3133
5381 5973
1702 4992
5153 3347
2755 1072
1623 4948
6935 6195
5189 2260
2339 3812
139 270
2227 4360
4385 6336
5138 2704
6487 944
3449 4952
5436 4045
3018 1259
6250 3816
162 4719
3142 1755
4054 2916
6462 4764
24 3989
5152 4650
4919 6714
4073 5291
1978 4498
201 5809
6752 115
2418 4039
1084 552
6162 853
4668 1453
6171 5412
4518 2181
2448 6665
4428 1571
2911 1909
3910 1803
5868 1063
3705 6181
3678 2940
6100 3034
501 1230
5268 5851
3755 2918
1123 3703
5155 2916
5679 3142
5323 1678
1342 3196
4767 5122
4383 3121
4924 677
6091 5644
4824 3791
4083 147
3181 5853
82 3182
6385 3681
6598 2702
6404 3139
6054 5072
1214 1911
3588 4733
928 3888
6361 4929
1049 5694
3723 3743
2387 3324
115 2813
2960 4562
3415 1549
4730 6140
172 848
3549 4114
252 4121
2193 305
2215 3658
1390 3406
293 5802
1082 6669
2715 6653
748 6482
2806 6437
6601 486
5047 272
1820 2560
6051 1461
6661 6549
1015 6222
3343 3209
3513 5618
2275 2887
6292 3079
1880 1016
5037 3936
940 313
6795 751
4539 6039
6524 2600
223 4139
4051 4571
3383 2042
5942 453
4027 3043
6252 4308
2926 4721
607 116
3195 5200
3568 6898
1185 2426
2739 1604
2354 6476
5515 2533
2484 4244
5734 5038
2608 2706
2099 136
589 5991
2033 5392
2700 4615
6687 5636
3104 5625
1176 293
4542 6298
6075 4743
3698 5726
5201 1813
4345 3403
646 3715
6105 4180
4237 3732
3867 1712
5054 6335
4727 4455
6421 4439
426 4778
3402 6107
3751 3529
178 1929
4024 1292
4369 6253
1065 721
4124 2570
3636 2762
6941 2121
5852 92
6156 4178
864 2719
4525 4209
5999 2942
719 1298
4756 6425
2953 1472
3401 1507
150 3131
2383 424
5496 4519
4440 799
3560 6971
2092 5427
5519 853
2382 5295
5365 4674
6234 3245
6187 2890
1539 5233
2009 4257
5729 6294
5152 2313
5443 6481
4256 5302
2820 5177
3328 2751
2722 4611
3037 6887
739 2165
4811 1555
3580 3120
3717 3176
3417 166
5398 255
4511 4955
1600 4758
70 591
71 6752
5053 2865
5393 4326
4429 5224
2834 1720
1607 4502
4018 3222
2129 6697
169 1828
2355 5708
5873 3885
1491 5771
1077 1622
6379 6001
6592 29
6780 3801
6665 4014
5692 2184
4759 2409
4129 3120
621 4944
1165 3087
2783 1990
3817 3293
2001 303
1539 6172
2294 5225
4199 3029
2030 723
751 3577
4729 5973
338 4882
65 1745
4154 6029
6500 2175
118 1282
4368 4472
6461 1282
4575 4502
2157 3278
6801 3927
6503 3695
6724 6446
4520 3701
4630 1753
5077 5270
503 2358
4103 5414
1795 567
93 1256
6889 1294
5766 210
1492 1608
3461 2578
5855 3418
344 5617
2312 3007
6805 6846
899 2035
1139 4324
2594 5528
885 3567
6332 448
1015 2339
946 1126
6772 5459
5669 834
6793 2889
5466 160
3577 3254
6222 1673
2031 1272
5469 1533
919 1835
6159 6367
4894 6409
2975 6104
6551 3131
5469 2307
784 4917
3376 6415
4600 555
3443 2044
6555 4393
4998 6261
933 483
6106 4219
3104 2963
4798 4574
1293 4022
3431 1308
411 3538
6668 3757
6063 4313
2230 5137
1903 6847
4753 2957
5000 3854
1246 5548
4808 1906
2388 3595
5166 3092
6054 1493
3418 1269
2642 1203
2510 4710
1248 3424
181 272
1937 5267
755 3595
3441 4166
4474 2657
6511 5546
4093 6825
1730 5108
6055 6252
2343 1469
2961 4220
5488 1396
6951 3730
5792 1129
1905 6812
4436 4391
2657 2085
5679 6372
889 3412
3420 6472
5017 5362
5186 282
5390 6461
5712 4267
5735 4444
6015 1054
6801 6047
2776 4502
2982 6751
6563 5919
3309 4886
6970 1350
721 3318
6729 3001
2472 5961
4322 500
782 4840
4300 6859
4125 3523
5318 3011
4064 2859
1905 4332
6185 3864
967 2032
951 2166
4404 4881
6230 4259
576 1725
4725 6950
3262 4656
2508 4548
2387 583
4793 3289
4163 6686
2696 1917
2127 6832
1515 4111
975 4031
6062 699
216 6293
4173 12
1623 4619
3696 3402
703 6550
4206 1420
5968 3964
1898 4065
4705 1354
5392 6690
1606 1867
6050 5439
2550 3732
5114 564
5614 876
168 1527
5891 5829
800 4340
5093 513
4414 1847
3266 5795
110 5971
3035 6585
939 2007
1696 739
6957 3682
2120 653
1736 6006
6569 4669
2896 4201
5727 2534
5715 415
4754 1969
2481 3866
5712 198
5992 4247
3217 1977
1562 6101
5459 6252
4342 6852
885 4506
2510 4299
3304 3004
5025 4245
5797 225
2758 920
1335 1876
3844 5824
2689 3440
3638 3677
923 1400
729 6981
3434 1491
742 6642
6493 1892
6398 2436
6734 377
732 1907
3504 389
613 5756
4028 2300
1527 723
6546 2714
6153 5371
2047 2235
986 142
123 321
1811 1714
1355 3556
2799 6905
2340 847
5575 2196
1455 2073
2461 6307
2414 4958
4609 426
5500 6441
2154 6136
1858 5045
4631 5659
5800 3904
4224 5617
330 3274
4181 3386
3290 1685
6883 6980
6527 5629
5053 2810
6468 981
3290 4866
5291 1881
5674 5251
1738 3790
6186 5179
3837 3595
4850 3817
2433 6989
614 6425
2810 2762
1798 2147
2126 6100
2080 6033
1842 6004
6985 133
4998 1309
541 626
5876 640
1781 3566
1745 613
1559 966
4782 2933
273 6408
5832 4566
4680 887
3033 5994
5093 6477
5509 2510
5865 172
4656 4702
6010 3201
3827 5
644 3903
468 54
5019 2424
742 6564
2497 6577
5985 5523
441 121
1007 2168
1161 5120
1948 1391
1252 3605
1129 4809
2510 117
3317 5784
5789 5872
2774 4495
4549 3784
3560 593
157 2567
2143 4301
175 5
125 5479
4999 615
5734 5484
4226 6159
2764 5034
2842 5478
2946 1244
27 5351
4222 3614
1109 3167
4303 4347
2292 3009
5575 862
5162 2448
6804 5069
900 5336
5951 6928
5411 5898
2408 2036
69 6989
5466 2523
3766 262
5613 5763
2376 1145
1663 186
1885 836
3844 5965
6826 4176
3975 6770
2191 4987
675 3778
3705 3090
6339 3977
3364 6468
6456 1746
1621 785
1046 2273
5387 5386
3882 6658
4196 5114
5950 5545
4509 6080
3255 145
4267 1687
4025 4581
1358 6457
2546 4699
6027 2414
6233 6236
981 2391
3175 3040
2664 6953
5339 4220
1230 1050
6164 6572
5116 2777
1856 2465
6961 6977
1663 2462
42 4227
3683 3039
5090 5751
1164 3580
2815 4116
3858 397
3436 1148
1100 32
1604 6100
4501 3790
3362 185
313 1016
832 5829
3157 2168
1981 793
5019 2171
5210 6374
5124 6054
6985 3299
414 6287
4035 2800
1299 1624
6007 4823
1274 6750
892 610
5146 5774
4142 1605
433 5458
4977 4973
5765 942
3112 4309
3682 1136
4541 1321
4619 1805
5444 4525
4676 2385
4008 6830
4652 5974
3076 3014
976 3277
6403 3967
2923 3473
6283 3544
1516 707
1648 1611
5920 4633
3120 4760
6080 6953
6110 660
5184 1051
3435 1905
1734 2860
6185 4794
5159 3738
14 6612
930 3486
6959 6416
2959 3852
4559 3593
5203 1827
6459 6206
3965 1474
1427 2578
589 397
1447 536
6792 5772
5983 2233
26 1525
5262 2520
2131 2536
6022 2628
2043 413
4264 3332
6924 2354
4180 1822
5380 2478
3952 990
919 2344
2740 2730
617 1507
4630 1538
3770 408
6284 3613
3484 1147
3683 1898
4525 2966
3378 56
739 3919
6272 642
6815 662
491 803
6144 5194
4890 1794
4523 62
1568 4981
6519 2491
2898 6198
162 640
1787 6534
1431 3645
3962 2821
228 5955
2873 340
5333 966
5979 6497
4651 5147
3341 3821
5615 3795
1208 5582
3562 489
2980 2776
6325 432
1072 3229
2762 3838
482 210
382 1544
498 4443
2134 609
5926 723
219 466
5613 4904
6076 2221
6015 6305
2238 4690
2531 223
350 5799
6231 5510
6090 4026
863 302
4863 6204
747 5696
490 5244
5852 5597
6319 2624
441 4777
32 3889
3461 3405
61 6107
1149 6828
4402 2298
1097 3679
6540 4751
6128 4679
2332 2981
2184 6990
3037 194
5437 283
3231 3526
3501 4288
6416 2549
3789 3942
4698 3799
257 249
76 4759
56 5757
2435 1829
6579 5504
3182 6326
2307 3058
399 5513
5706 1842
2124 3435
4313 4142
5781 5354
5254 5165
6458 2548
3698 6394
3995 4156
1914 1307
63 1422
3251 6321
4825 6850
6175 181
3239 1006
6519 1481
3323 3637
4424 2576
6718 2798
5504 1736
6900 2850
2750 1109
503 6358
3513 6447
753 4497
3270 2778
2098 816
665 6520
6701 6922
5280 4191
5672 2939
3927 4798
4725 6346
2143 1350
3085 1794
4644 4998
6107 337
6694 393
4191 6609
1457 558
3335 4944
3111 4726
1598 5432
2706 1127
5317 1298
1588 985
3134 1340
685 2866
1568 858
2652 180
5177 4652
2340 4647
5039 1635
5595 6385
6942 2229
4524 4403
6481 628
6060 634
6112 1078
6727 6117
101 4429
3120 5666
1531 586
1443 3805
1336 3098
1446
