Case #1:
0
0
0
0
1
Case #2:
0
0
0
1
0
1
1
1
1
1
0
Case #3:
0
0
2
2
3
1
2
1
0
1
0
0
0
5
Case #4:
1
0
0
0
0
3
1
0
2
0
1
0
1
3
0
Case #5:
0
0
0
0
0
0
0
Case #6:
4
0
0
2
1
0
1
2
5
3
2
0
0
1
0
Case #7:
0
0
0
0
0
0
0
0
0
0
Case #8:
0
0
0
Case #9:
0
0
0
2
0
0
0
0
0
Case #10:
1
0
1
0
0
0
2
3
1
0
1
Case #11:
1
2
0
0
0
3
1
0
0
1
1
Case #12:
0
0
0
0
0
0
0
0
0
Case #13:
1
0
3
0
0
0
3
0
0
2
0
0
1
5
2
Case #14:
0
1
2
0
2
2
2
3
0
0
0
0
1
0
Case #15:
3
1
0
0
0
0
4
0
0
1
1
0
2
Case #16:
0
0
0
1
0
1
0
1
0
1
4
0
0
3
1
Case #17:
0
0
0
0
0
0
0
0
0
0
0
0
Case #18:
0
2
0
5
0
0
3
1
0
1
2
2
1
1
2
Case #19:
0
0
0
0
1
0
0
0
1
4
0
1
1
0
1
Case #20:
0
2
0
0
0
1
0
2
0
0
0
1
3
5
3
Case #21:
0
0
3
0
0
1
2
2
4
0
3
0
1
1
0
Case #22:
0
1
3
2
1
3
0
0
3
0
0
1
1
0
3
Case #23:
0
0
0
0
0
0
0
Case #24:
0
0
0
0
0
0
0
0
Case #25:
0
0
0
0
0
0
0
0
0
0
0
0
0
Case #26:
0
0
1
0
0
0
3
0
0
0
Case #27:
0
0
0
0
0
0
0
0
Case #28:
0
0
Case #29:
0
0
0
0
0
0
0
0
0
0
0
0
0
0
0
Case #30:
0
0
0
0
0
0
0
0
0
0
0
0
Case #31:
0
0
0
0
0
0
2
5
0
0
1
0
0
0
Case #32:
2
0
0
0
0
0
0
0
4
0
0
2
0
1
Case #33:
0
0
3
0
0
0
1
0
0
2
1
1
0
1
3
Case #34:
0
0
0
0
0
0
0
0
0
0
0
0
0
0
0
Case #35:
0
1
0
0
3
0
2
0
0
1
Case #36:
3
1
0
0
0
0
1
0
5
2
3
1
2
1
1
Case #37:
0
1
0
3
0
1
0
0
1
1
2
0
0
0
0
Case #38:
0
0
0
0
0
0
0
Case #39:
0
0
0
1
1
Case #40:
4
1
3
2
0
1
0
0
1
0
1
2
0
2
3
Case #41:
1
1
0
0
4
0
0
1
0
0
1
2
1
0
6
Case #42:
0
3
0
3
1
2
0
0
1
3
2
0
2
4
0
Case #43:
0
0
0
0
0
0
0
0
0
0
0
0
0
0
0
Case #44:
1
0
0
0
0
1
1
1
0
0
Case #45:
0
0
0
0
0
0
0
0
0
0
0
0
0
0
Case #46:
0
0
0
0
Case #47:
0
2
1
0
0
0
0
0
Case #48:
0
0
0
Case #49:
0
0
0
0
Case #50:
1
2
1
1
1
0
2
1
0
5
0
1
1
0
0
Case #51:
2
1
0
1
0
1
2
5
0
1
0
0
1
3
0
Case #52:
0
0
0
0
4
0
1
1
0
3
2
2
0
0
0
Case #53:
0
0
0
Case #54:
1
0
5
5
0
0
1
0
3
0
1
3
0
0
0
Case #55:
0
0
0
0
0
0
0
0
0
0
0
0
0
Case #56:
0
0
0
Case #57:
0
0
0
1
0
0
Case #58:
0
4
1
1
0
2
0
0
2
0
3
2
1
1
0
Case #59:
0
0
0
0
0
0
2
1
1
1
1
0
0
Case #60:
3
0
0
1
1
0
2
1
0
0
Case #61:
0
0
0
0
1
0
0
Case #62:
0
Case #63:
0
0
0
0
0
Case #64:
0
0
0
0
0
0
0
Case #65:
0
0
0
0
0
0
0
Case #66:
0
0
0
0
0
Case #67:
0
0
0
1
0
1
1
2
0
Case #68:
0
0
0
0
0
0
0
Case #69:
0
0
2
0
0
0
0
0
0
1
3
0
0
Case #70:
0
0
0
0
0
Case #71:
4
0
3
0
2
1
0
1
0
0
2
1
0
0
0
Case #72:
0
0
0
0
0
0
0
0
0
0
0
0
Case #73:
0
0
0
Case #74:
0
Case #75:
0
0
0
0
0
0
0
0
0
0
0
Case #76:
0
2
0
0
2
0
0
1
0
4
0
4
0
0
2
Case #77:
2
3
0
0
0
1
1
0
1
0
0
Case #78:
0
1
0
0
0
0
0
0
1
0
5
3
0
2
2
Case #79:
0
0
0
0
Case #80:
0
0
0
0
Case #81:
1
1
0
1
2
0
5
4
0
1
0
0
3
2
0
Case #82:
0
0
Case #83:
0
0
0
0
0
0
0
0
0
0
0
0
0
0
0
Case #84:
0
0
0
0
0
0
0
1
Case #85:
0
3
0
1
0
1
0
0
0
4
3
0
1
0
Case #86:
2
2
0
0
2
0
2
2
0
0
1
1
1
2
0
Case #87:
0
0
0
0
0
0
0
Case #88:
0
2
1
0
0
0
0
0
0
0
Case #89:
1
0
0
0
0
0
0
Case #90:
0
1
0
1
0
0
0
0
0
0
3
0
Case #91:
1
0
0
1
0
0
0
0
0
Case #92:
0
0
0
0
0
0
Case #93:
0
0
2
1
1
0
2
0
1
Case #94:
1
1
1
0
0
0
1
0
1
0
Case #95:
0
0
0
3
2
0
0
1
1
0
1
0
Case #96:
0
2
2
0
1
0
0
1
0
1
3
3
2
1
2
Case #97:
1
0
0
0
Case #98:
0
0
0
0
0
0
Case #99:
1
0
0
0
0
0
Case #100:
0
0
0
0
