2
3
4
6
8
12
15
24
30
40
60
72
120
144
180
240
360
420
720
840
1008
1260
1680
2520
2880
5040
5760
6720
8064
10080
13440
20160
22680
40320
45360
51840
60480
72576
90720
120960
181440
201600
362880
403200
453600
518400
604800
725760
907200
1209600
1814400
1995840
3628800
3991680
4435200
4989600
5702400
6652800
7983360
9979200
13305600
19958400
21772800
39916800
43545600
47900160
53222400
59875200
68428800
79833600
95800320
119750400
159667200
239500800
259459200
479001600
518918400
566092800
622702080
691891200
778377600
889574400
37836793
245404153
556755193
75673586
113510379
353011179
227020758
706022358
264857551
925299151
717829064
686476737
897286330
454041516
529715102
435658121
794572653
59430197
589145299
702655678
178290591
405311349
590335300
972863244
879487174
767435890
297150985
459294859
810622698
945726481
534871773
918589718
891452955
837179429
426324721
674358851
852649442
484981542
445364737
565811799
71794686
278974156
754415732
348717695
969963084
131623591
557948312
697435390
263247182
394870773
232050195
789741546
464100390
495040416
244686158
571200480
618800520
220509655
742560624
825067360
928200780
489372316
237601033
485121241
856401553
475202066
712803099
107673865
425606191
215347730
353806964
910727432
404350816
281608570
138409283
969173769
366091141
851212382
707613928
808701632
276818566
732182282
415227849
553637132
830455698
543258790
660911389
86517573
91606842
722332274
303821089
682665455
350562795
629776363
414301485
955731637
173035146
444664541
365330903
259552719
911463267
889329082
519105438
778658157
609113848
557316307
218227689
730351453
832136833
446645382
76421738
653309009
11255851
595527176
286029644
114632607
460702899
893290764
306618011
191054345
229265214
786581521
382108690
573163035
351821185
146326063
703642370
582781441
337380408
474873374
379552959
604856491
719489098
236372871
506070612
6622482
407284733
674760816
759105918
438978189
12141217
814569466
518211829
24282434
36423651
609586686
72847302
219173365
480132035
821191618
422368927
447214158
350165042
306842711
828760051
200203127
133553387
145694604
960264070
844737854
700330084
657520095
267106774
920528133
400660161
534213548
801320322
837743973
602640637
675487939
40987360
43036728
887407088
714485258
285925564
53795910
57382304
61481040
604671893
71727880
350975871
86073456
428970509
107591820
122962080
143455760
172146912
215183640
286911520
430367280
231687595
860734560
463375190
211710424
983696640
32881465
297769965
147646073
862213494
291101833
377175289
475544953
512125334
721469113
423420848
65762930
295292146
582203666
951089906
442938219
131525860
164407325
885876438
328814650
-823162085
657629300
518363853
584379673
292760565
592415832
822036625
444249076
691151804
555337203
277545776
429382162
888623748
803133266
36727699
585521130
644073243
382303601
555091552
777247489
73455398
288146479
110183097
146910796
220366194
549180844
440732388
98361681
477460087
193871393
611774641
402811527
372952103
550475899
969946785
438767180
216190127
163936135
104217287
881464776
954920174
223549275
745904206
939893563
432380254
208434574
909840341
491808405
864760508
819680675
729521009
949887203
459042011
899774399
655765373
891422265
234527576
517915195
875911159
69706711
862849175
188563013
846713783
837133394
426275617
813866735
799548791
782844523
35830383
139413422
377126026
674266781
627733463
565689039
278826844
348533555
131378071
697067110
426588112
394134213
853176224
193682997
361430318
959823252
566772086
501625362
525512284
951787901
159776732
279764329
707985763
439734871
935717199
788268426
387365994
919646497
3250717
903575795
559528658
879469742
576536845
839292987
807151583
758939477
678585967
517878947
214946050
35757887
429892100
742110328
616806878
481479152
834874119
436390382
547135400
239856131
601848940
633525200
113165485
531586987
752311175
135798582
859784200
233613749
669748231
94270793
203697873
226330970
504622343
719568393
339496455
407395746
9244679
678992910
18489358
536368305
36978716
72736603
896762916
263309686
504206214
444374462
46223395
91711369
414061888
195683881
55468074
5755867
394964529
947609505
569335096
73957432
793525825
8412421
92446790
828123776
110936148
789929058
138670185
587051643
184893580
221872296
277340370
369787160
554680740
573170098
109361473
146340189
254834679
799650207
162600210
630392529
775608231
432925238
843052425
835918444
66200269
719510287
178431877
243900315
375894452
649387857
292680378
599300407
260785051
865850476
671836881
439020567
487800630
298775707
198600807
731700945
878041134
597551414
463401883
195102821
749783561
390205642
499567115
682886020
154709672
588806449
203206685
