20
4 2
181692777 214636915 457747793 -75761665 
7 2
96516649 -310358579 -474797638 -149509973 283368690 -397479941 -455102237 
7 3
40383426 -195910828 -196544264 -464994789 21595368 -205297433 226956429 
3 2
-221277138 -266334877 -354825933 
6 5
301979802 -184365978 135723058 -130866931 -374101833 -440038607 
7 2
156478042 -368823771 153377373 359484421 414544919 108413784 256898537 
9 2
-350201685 -461335630 -370433587 -315196474 -87223909 -75731020 411759956 249241873 -362193138 
1 0
-364502719 
6 3
437477084 327336327 72660336 -340873495 305750846 132621729 
4 1
-358383876 -415646105 439819582 -498899455 
5 2
110515434 85990364 -125655957 260313750 -22828913 
9 6
389947178 280695788 209393584 -8294597 418502651 252392754 -25387601 -446000068 -235904940 
7 0
443947739 484210012 355636226 249698586 -30651906 456297539 -463859205 
1 0
475960378 
8 1
-123289903 427612902 -169426683 103570492 187926652 160260756 459997301 -14439720 
7 6
-305046135 394429689 -135771556 447346619 -278441560 -229255271 -436041969 
8 1
-492094229 -30165519 322890675 110120709 291698927 131704567 -1222144 -244820503 
4 2
72276965 -230544694 203964683 -147593781 
5 3
-459667129 -387194268 -379951171 -121590497 15530019 
1 0
-90040292 
