2
783727 -702562
-893445 548752
49866 671141 473828
4
333845 907675
-951999 119190
-219691 -14180
-246029 262865
-45032 381242 850599
2
585222 -687384
-480003 -944630
981274 -42276 181794
4
310640 -369710
92743 610719
-72272 715650
159472 -598444
616267 -790662 386792
3
-366634 -819380
839826 413675
166441 110149
-508608 17039 676541
5
-348551 -407034
-539523 171446
164688 -841378
-354478 145962
898082 956162
-916766 -9175 776254
2
-293525 242706
621889 -390382
846607 754508 452045
1
935129 -797215
312935 101570 15438
6
-365039 -679321
-160162 286410
429997 816667
-25792 -405315
975289 -863917
380548 -308169
934537 -912977 769939
6
-303358 902934
662688 59601
988344 597817
928704 -431699
-615032 144023
-530262 -123390
-250019 243090 280107
0
