100
5
0 0
10 0
10 10
0 10
5 5
11
-928183 -405175
-545243 698791
541704 -949657
32585 419379
320995 259907
-666658 58962
-701822 164843
183022 115824
-38123 -132505
-352284 -211069
-482680 718054
14
-641307 -390802
961976 610911
22599 650726
-496856 191788
-296638 588300
-730863 474569
-58972 -5673
740493 463356
349232 915378
-676677 668041
790582 123999
349519 -910049
-824970 784614
-149792 416714
15
873544 -444169
-500197 -221975
-175016 855951
389987 -853495
993689 -152754
497018 32846
-376015 -85852
832072 -570201
492277 169771
688367 866976
-330823 -311782
-182414 -466141
-187377 203732
566075 -270636
999311 -119389
7
628165 376336
-441294 376336
-728842 376336
-752244 376336
976364 376336
-374146 376336
899561 376336
15
99054 116989
659299 594170
-29048 627124
-178398 -323633
-728514 608650
-284201 -791094
-208369 -469664
-198214 -163447
54300 65052
3399 311877
-216258 -270285
473976 -531156
-826843 659382
274192 -393903
880654 318906
10
-734742 -1000000
881348 -1000000
564993 -1000000
543285 -1000000
635236 -1000000
841252 -1000000
-722158 -1000000
412785 -1000000
537416 -1000000
312459 -1000000
3
23754 213786
-434199 207644
-45494 -409446
9
-786787 -99539
636774 844046
-609245 -530832
395779 509944
867377 544094
-822823 -334418
920355 -551866
-292224 -726486
66554 903644
11
572693 -280000
29188 987337
611910 525981
-620213 653537
-489875 89071
629669 948231
526758 -157138
481738 -76692
-308249 295760
755255 -426601
43563 852688
11
645054 -99659
594068 -678300
-569826 205068
-11676 -757013
897730 493331
456994 -569134
705188 -810343
789355 -962699
-716167 539491
-504362 136702
7069 386142
9
-483797 -1000000
997195 -1000000
981655 -1000000
429993 -1000000
-408421 -1000000
-478244 -1000000
783659 -1000000
-738948 -1000000
-821587 -1000000
15
5201 -679153
-434994 916153
-357853 634423
-498273 -631086
-809847 -208318
-925116 -28966
-118701 -201974
-878276 747805
808969 -997507
-707975 745458
-829626 850430
731247 312523
-112469 573251
-257373 88077
-31931 -194158
14
-731301 -827204
-827224 171266
434273 249765
295474 952701
395679 558772
-716239 547223
-500606 111672
229039 406350
797123 519711
596451 130333
-737741 763932
-940570 530223
-651046 -510172
-612425 834944
13
130452 -432858
87202 -547558
-282165 733822
-874758 -198837
946577 -243062
-929988 355352
-375045 77992
-700618 -792235
976218 -638207
-422060 415929
-685995 461304
897093 -790499
-188632 -429993
15
516428 -134882
-615718 -501649
-107074 -732912
411433 170680
-967912 92336
-286759 -618883
-127385 988010
426852 -177035
-969315 492688
-855141 638117
-423064 225271
319481 578541
-805143 894802
206278 61760
-341860 812462
12
579897 -257732
-759987 337772
502830 -223480
-958914 426184
942579 -418924
-461331 205036
-905733 402548
-569601 253156
920556 -409136
-357237 158772
776583 -345148
163134 -72504
15
-703072 -817926
419763 -247376
292487 -575735
428429 -61170
-990560 650751
869999 923549
599650 349654
558445 627489
727175 -121084
512513 -172007
496320 -184491
237619 -297174
738017 459438
-355804 36260
-45871 74750
15
-68559 -889441
-299245 962124
25282 890622
-581674 -666505
-691069 -309318
648696 261624
814398 19061
-777373 -168949
-619338 232087
-253406 -575447
655520 -974701
-22043 -876116
630214 -193681
-694815 97582
-295386 -740378
15
662110 673078
-68699 321672
346228 -877887
954527 -722634
-168406 760036
613939 520596
731587 -829871
-116246 724927
751581 385133
-689358 -906464
-993872 -134115
-120171 743803
407733 -155400
196497 294565
410595 408744
15
698257 -230966
-223770 959675
61903 -73703
822357 748146
-399451 803568
-580773 -696376
185582 9119
-555049 270673
-167745 274457
-298769 -940640
-172536 287806
-810131 -8486
122712 -344908
-700059 -79243
-612714 -920383
15
141613 -994974
-342705 789045
215710 -228667
243458 691964
249845 -987014
273649 -660747
-531605 986929
508930 -978036
-74657 447550
557717 886566
511642 902909
-481558 -258087
479446 -978067
-822967 14132
18854 -531677
7
-322070 -644140
-429205 -858410
13930 27860
-177305 -354610
227720 455440
-231395 -462790
228410 456820
8
655898 -284843
-843796 -82714
192242 -82714
-607571 -82714
381499 -82714
-647594 -82714
-218561 -678948
-114187 -82714
13
-321088 1000000
-819753 1000000
480865 1000000
-407116 1000000
-470866 1000000
238508 1000000
223026 1000000
258367 1000000
621011 1000000
-246877 1000000
-517745 1000000
-987347 1000000
-5282 1000000
10
638975 -1000000
614434 -1000000
-267671 -857169
-824385 -487423
-224041 759057
325931 -54909
10708 -233792
-738464 -869163
748278 -930906
-495370 382570
8
-194380 -776145
-194380 71274
-194380 839715
-194380 -239621
-194380 946870
-194380 -223258
932672 -68257
-194380 987973
2
-153902 -25458
227710 419263
15
198093 -141495
-645687 461205
972643 -694745
522326 -373090
-306621 219015
830249 -593035
359436 -256740
-31066 22190
563416 -402440
-821289 586635
-335699 239785
-2730 1950
40971 -29265
-87612 62580
-625296 446640
12
-733686 -255209
-395492 -255209
-967997 -255209
-659266 -255209
-585098 -255209
-158123 -255209
-316081 -255209
742641 -255209
-529475 -255209
50593 -255209
779756 -255209
-659531 -255209
14
-41463 1000000
-298242 1000000
-435132 626895
843290 319600
-589487 -881907
396732 1000000
413368 283492
380879 474141
733686 1000000
-182194 1000000
-335489 -724850
766383 -365883
651028 1000000
790430 1000000
14
-451990 -569560
-917848 -993781
-842431 129179
498576 -993781
-554144 709020
620605 -993781
696484 -877077
14013 -993781
-240713 -373098
314861 429598
109816 -993781
-217990 70446
4492 -993781
-343119 -935906
15
973091 -918819
-809113 -507964
501984 93611
-948135 -32635
425159 997306
153669 849713
-920847 -12170
-935667 -88502
112079 -735777
625267 -173642
692548 -773369
659875 -272370
-733092 230057
311333 787119
503566 -316394
15
-190797 -508792
184956 493216
17202 45872
338880 903680
-234813 -626168
-308898 -823728
-283290 -755440
35529 94744
-163377 -435672
308073 821528
-243351 -648936
360468 961248
44481 118616
287739 767304
-67662 -180432
10
-742536 -978631
-228580 -795168
-163917 967121
-401742 964752
-296099 -94577
87897 -972094
-334416 467110
-850162 -511876
-749466 925172
-158591 -168771
15
270387 -449935
113965 550124
571450 -695316
-531973 834096
69660 -826561
962137 443835
573655 530914
-605796 -694762
39192 -47564
557606 -147859
41241 92376
-282746 -619892
-426219 -291827
272092 -686451
-559683 -428637
15
-646024 705224
-227145 923073
-677110 667793
133860 298905
-822400 -549333
330903 122279
-209041 941757
-584659 751330
-781304 -321503
-789368 -9064
356365 70561
738460 -504618
806305 -109234
646567 -848500
-978585 -75004
7
319771 -1000000
240715 730243
-727522 -1000000
-945729 -1000000
-276255 -1000000
428135 -1000000
463106 -1762
5
679128 905504
-683254 179759
-69237 -92316
188153 408266
185522 337516
15
-114822 -644734
458834 29762
-154333 -694095
577204 -486363
-888590 -898217
615301 -839257
885736 -148896
-299267 957768
-666961 -879582
903177 -848872
-763606 -765499
72400 -786611
-689066 345010
-143895 59604
-44775 -684924
15
-485682 -446638
-785264 513815
276487 -813591
698392 -761696
22721 146954
-124327 738143
662156 299182
-738142 573750
-777883 689966
838577 186064
662745 -438188
-386073 -414358
-66311 665590
-960117 -778232
-43021 71679
15
739741 887841
120983 297251
792608 89485
6728 -93987
-691941 -399238
331755 306563
-698803 974814
-765413 -585505
534350 -128138
-270363 206738
-223395 318067
268459 -709494
-378992 -28020
34133 56695
-718690 966083
15
1000000 741039
1000000 892716
1000000 595981
1000000 123115
1000000 -376217
1000000 34939
1000000 -88952
1000000 337043
1000000 -756966
1000000 174098
1000000 252656
1000000 -676471
1000000 -815814
1000000 589369
1000000 632563
10
352847 -603041
86025 778153
-423773 -845829
914835 -997710
814690 698695
239280 695523
-143840 541500
-369266 -56961
-954982 477745
-380483 -920490
14
-676702 -198357
165812 -198357
-331542 -198357
-765506 -198357
-829339 -198357
-724533 -198357
89119 -198357
-369563 -198357
760030 -198357
-196527 -198357
-849377 -198357
235600 -198357
-686480 -198357
-498007 -198357
4
648536 643385
648536 475811
648536 65654
648536 867166
8
-979239 -1000000
-147306 -411181
385388 -543145
-324334 -341879
805089 -812486
-730138 -1000000
950357 614680
-655302 -1000000
3
-69232 360471
-69232 -462540
-69232 -703956
4
48833 838109
564052 -468854
-447164 -853775
86021 -854257
15
468611 424808
583778 61015
-460439 -821917
481512 -720905
-451546 -350337
596181 -966790
-406628 -502999
-103664 527550
-984637 -856289
455391 1859
-377356 872080
781678 -156224
-435204 146037
999646 -564889
809158 533770
15
-675901 -470971
-367359 -796893
-830421 -979237
-834201 -404212
3850 -864165
678633 -314076
342826 131962
-178873 -190943
972954 898981
-707279 463607
-717594 804995
-992740 339422
409217 212616
-103447 294712
916683 -303765
15
-892658 404099
-876293 -842358
-927612 -558324
-963557 254709
-546824 -316798
402925 645357
-264296 -689718
438136 473862
355682 821466
-771873 -444706
-783263 -512949
-309183 -534828
261856 -701014
439736 474630
-491708 932834
3
-364669 -319960
-825632 433921
275695 868909
15
-697210 -446291
814005 -530127
-39532 165679
29530 292459
-972469 -233737
-246549 841858
428538 -76671
776088 678408
-65987 31843
-761634 -688961
-332396 726843
-254088 352651
974791 493854
416162 755032
-550791 568310
13
196736 122960
658920 411825
-7392 -4620
-333744 -208590
368016 230010
769128 480705
-451264 -282040
-50272 -31420
-534984 -334365
-924968 -578105
-531376 -332110
-945008 -590630
-573976 -358735
3
140332 -1000000
466174 -1000000
-7977 -1000000
6
-592491 570266
501130 -970628
692650 570266
468182 -892144
-431844 570266
844651 570266
15
-488562 641359
-266770 -187972
879428 593422
36390 -694607
888108 699968
156042 356417
240706 813836
-771397 -987110
685389 469355
-999436 -965520
257590 -34594
-671886 -499166
-260460 -898988
-754742 -606812
811434 -902271
13
247600 -30950
-267050 703062
598840 -74855
692701 928814
605288 -75661
713784 -89223
-111628 109846
742721 476014
-514009 155649
-217306 579796
672033 806063
936736 151947
-584792 73099
10
589115 306226
928530 504244
-285681 844313
894418 679332
324424 -506848
941405 834981
630502 104716
270291 146507
393930 -1000000
-489946 -1000000
7
-363107 1000000
116914 1000000
-992964 421505
432985 628971
45100 932239
-658042 -292672
619093 -925954
1
515418 -625398
5
-754182 235344
155508 496464
896812 -126378
-442368 94996
827721 -152978
7
834227 -632751
375226 -632751
-542992 -632751
170031 -632751
792186 -632751
-428517 -632751
706286 -632751
7
893016 798008
-503680 798008
-266912 798008
-374421 798008
-730265 798008
721078 798008
-578859 798008
5
-892508 -446254
251126 125563
924674 -279627
639472 319736
988304 -899094
9
995849 562514
-912654 789331
-966566 262098
115189 832672
-86103 908837
-188090 -82945
271856 540376
30059 811743
-757356 -868600
7
-375842 -750975
-152669 816257
395561 799439
-720157 812843
-773234 193910
883130 -930583
901761 151432
13
524543 953251
477228 953251
-3594 751369
578485 -491428
-222656 -416607
641628 953251
504922 953251
538253 -976401
-937270 953251
-290276 945923
294167 809357
457629 953251
170901 953251
5
-257012 1000000
-882605 1000000
597957 1000000
983423 1000000
-970013 1000000
15
-121738 -562572
-872595 689955
549445 -22340
915729 151880
-77977 -616413
472749 390175
-668682 -146738
180367 -802991
911273 -770779
405117 -954223
-426790 -247328
827766 -141767
-84318 -797213
129471 811558
-192029 -740923
12
291115 -174669
-741575 444945
-709870 425922
663985 -398391
333410 -200046
591240 -354744
-162445 97467
-755145 453087
748980 -449388
228225 -136935
442205 -265323
222280 -133368
3
311554 -691299
162081 -691299
391083 -691299
1
-306894 -153447
11
1000000 616970
1000000 398711
1000000 -412926
1000000 -307943
1000000 -492330
1000000 709536
1000000 -855801
1000000 760587
1000000 606276
1000000 -864772
1000000 -184084
15
687091 -583468
-133459 -532744
174173 961036
433689 -702865
-332991 641559
791947 -117162
-984797 -75747
549089 269056
-422448 902116
-347690 -54017
-956715 -608438
-160716 -296889
-776323 744300
-708359 -966623
394204 -587824
11
235404 125228
318068 -209739
-806404 -253426
-790725 -110008
257517 -397597
692501 379650
254698 -358354
904340 -126195
-723841 -185906
-416701 -560772
870692 815055
15
-984827 -258030
474163 -609596
-871280 -411382
904419 716918
431327 905316
911305 87891
-210282 -692415
-840180 -440619
-715147 38314
-731350 367666
-208028 -46808
370592 -282460
814869 -598597
103729 502758
-808436 -86095
4
-462428 245908
-681349 761444
320181 18008
91507 914694
4
-319089 -1000000
-183316 -1000000
674538 -1000000
165722 -1000000
15
-95426 -861306
-291985 -603124
-593313 -863821
678945 -550216
346400 -814117
164283 297207
292208 -596548
222889 -414277
779516 -336228
-375092 344490
848213 -863886
738104 -958513
46699 -58380
198063 -803572
-606069 836384
2
-346871 -767662
961719 -797819
15
52200 -20880
-225215 90086
197180 -78872
770970 -308388
482240 -192896
867765 -347106
-564595 225838
-794610 317844
558760 -223504
430055 -172022
415255 -166102
-176585 70634
939295 -375718
-888390 355356
-967335 386934
8
-556340 111268
193060 -38612
719170 -143834
-823110 164622
920917 115960
-835907 810379
-147970 29594
-213270 184397
14
-425568 -379873
-344360 290878
924119 225019
19238 612788
403390 919504
-493603 227712
820842 491017
672656 729784
-447128 514905
128120 397268
-360269 72520
-189637 -330671
-440226 -90829
-772301 227405
15
-370499 -42459
192109 -184958
-328232 -970895
538832 952628
-286249 -133318
-950354 745716
-376950 213134
105791 702312
954046 -37980
-525055 -998598
426820 -1142
-35112 851943
315063 656463
366860 152314
-442230 821112
7
1000000 -604780
1000000 -44709
645125 44844
759036 -850971
1000000 -692983
1000000 356758
1000000 -664825
10
-850721 649224
267240 703206
701357 399092
-416442 208221
-16176 8088
929379 -125149
214949 919836
-150527 851726
854726 973405
266508 -133254
7
-204281 -189280
-728739 498410
-37526 207636
-32123 -365717
-389332 -700318
-663691 546531
-214149 391973
12
-662588 592232
-8868 -600716
-560781 592232
355858 528524
-344482 592232
437238 592232
49568 -867549
-214833 592232
-467837 592232
395366 4693
-39605 -14179
227914 -418247
9
817732 599062
-967824 -583194
1000000 -133793
-525207 -9511
1000000 941472
-662249 -932337
-903083 340275
1000000 596907
1000000 -591979
6
-631904 452335
580727 226178
-685304 256989
621114 617418
206480 -77430
-198776 946059
9
-619520 652029
65104 67465
-373213 -279280
-343888 171064
-499073 -289312
-783583 -753573
-299338 5687
550539 -386950
38875 -134404
10
-445683 25380
-501236 -490340
145659 326428
818658 -927312
447512 270099
-269489 496149
-427615 131294
-913422 -810770
477731 -472437
818899 118261
12
989069 451276
250260 -166840
-887315 717423
322221 -108554
766607 -10898
-80754 53836
611178 -407452
956552 414862
619359 -353450
-217746 145164
45640 439500
87162 -58108
15
504028 -219992
-239882 -323141
-299538 -235620
827669 993122
-448051 -420656
-446381 -789573
-776806 467277
56710 469647
-754836 785103
-652981 662183
-404784 1870
-12752 -162923
227608 177075
-1698 -242795
105655 -41728
4
1435 298356
-701842 883282
451946 -110043
956824 -152903
6
-435681 546087
432338 91649
695234 938354
-918789 854275
733393 609212
-332179 991473
6
-303514 3608
-453248 35538
724370 -75600
-785299 993381
370056 -899867
-127770 816831
4
-238248 -39708
752568 -746816
-123553 -837403
13102 -834048
