1753
1759
1770
1776
1781
1787
1798
1810
1816
1821
1827
1838
1844
1849
1855
1866
1872
1877
1883
1894
1900
1906
1912
1917
1923
1934
1940
1945
1951
1962
1968
1973
1979
1990
1996
2001
2007
2018
2024
2029
2035
2046
2052
2057
2063
2074
2080
2085
2091
2103
2114
2120
2125
2131
2142
2148
2153
2159
2170
2176
2181
2187
2198
2210
2216
2221
2227
2238
2244
2249
2255
2266
2272
2277
2283
2294
2300
2306
2312
2317
2323
2334
2340
2345
2351
2362
2368
2373
2379
2390
2396
2401
2407
2418
2424
2429
2435
2446
2452
2457
2463
2474
2480
2485
2491
2503
2514
2520
2525
2531
2542
2548
2553
2559
2570
2576
2581
2587
2598
2610
2616
2621
2627
2638
2644
2649
2655
2666
2672
2677
2683
2694
2700
2706
2712
2717
2723
2734
2740
2745
2751
2762
2768
2773
2779
2790
2796
2801
2807
2818
2824
2829
2835
2846
2852
2857
2863
2874
2880
2885
2891
2903
2914
2920
2925
2931
2942
2948
2953
2959
2970
2976
2981
2987
2998
3010
3016
3021
3027
3038
3044
3049
3055
3066
3072
3077
3083
3094
3100
3106
3112
3117
3123
3134
3140
3145
3151
3162
3168
3173
3179
3190
3196
3201
3207
3218
3224
3229
3235
3246
3252
3257
3263
3274
3280
3285
3291
3303
3314
3320
3325
3331
3342
3348
3353
3359
3370
3376
3381
3387
3398
3410
3416
3421
3427
3438
3444
3449
3455
3466
3472
3477
3483
3494
3500
3506
3512
3517
3523
3534
3540
3545
3551
3562
3568
3573
3579
3590
3596
3601
3607
3618
3624
3629
3635
3646
3652
3657
3663
3674
3680
3685
3691
3703
3714
3720
3725
3731
3742
3748
3753
3759
3770
3776
3781
3787
3798
3810
3816
3821
3827
3838
3844
3849
3855
3866
3872
3877
3883
3894
3900
3906
3912
3917
3923
3934
3940
3945
3951
3962
3968
3973
3979
3990
3996
4001
4007
4018
4024
4029
4035
4046
4052
4057
4063
4074
4080
4085
4091
4103
4114
4120
4125
4131
4142
4148
4153
4159
4170
4176
4181
4187
4198
4210
4216
4221
4227
4238
4244
4249
4255
4266
4272
4277
4283
4294
4300
4306
4312
4317
4323
4334
4340
4345
4351
4362
4368
4373
4379
4390
4396
4401
4407
4418
4424
4429
4435
4446
4452
4457
4463
4474
4480
4485
4491
4503
4514
4520
4525
4531
4542
4548
4553
4559
4570
4576
4581
4587
4598
4610
4616
4621
4627
4638
4644
4649
4655
4666
4672
4677
4683
4694
4700
4706
4712
4717
4723
4734
4740
4745
4751
4762
4768
4773
4779
4790
4796
4801
4807
4818
4824
4829
4835
4846
4852
4857
4863
4874
4880
4885
4891
4903
4914
4920
4925
4931
4942
4948
4953
4959
4970
4976
4981
4987
4998
5010
5016
5021
5027
5038
5044
5049
5055
5066
5072
5077
5083
5094
5100
5106
5112
5117
5123
5134
5140
5145
5151
5162
5168
5173
5179
5190
5196
5201
5207
5218
5224
5229
5235
5246
5252
5257
5263
5274
5280
5285
5291
5303
5314
5320
5325
5331
5342
5348
5353
5359
5370
5376
5381
5387
5398
5410
5416
5421
5427
5438
5444
5449
5455
5466
5472
5477
5483
5494
5500
5506
5512
5517
5523
5534
5540
5545
5551
5562
5568
5573
5579
5590
5596
5601
5607
5618
5624
5629
5635
5646
5652
5657
5663
5674
5680
5685
5691
5703
5714
5720
5725
5731
5742
5748
5753
5759
5770
5776
5781
5787
5798
5810
5816
5821
5827
5838
5844
5849
5855
5866
5872
5877
5883
5894
5900
5906
5912
5917
5923
5934
5940
5945
5951
5962
5968
5973
5979
5990
5996
6001
6007
6018
6024
6029
6035
6046
6052
6057
6063
6074
6080
6085
6091
6103
6114
6120
6125
6131
6142
6148
6153
6159
6170
6176
6181
6187
6198
6210
6216
6221
6227
6238
6244
6249
6255
6266
6272
6277
6283
6294
6300
6306
6312
6317
6323
6334
6340
6345
6351
6362
6368
6373
6379
6390
6396
6401
6407
6418
6424
6429
6435
6446
6452
6457
6463
6474
6480
6485
6491
6503
6514
6520
6525
6531
6542
6548
6553
6559
6570
6576
6581
6587
6598
6610
6616
6621
6627
6638
6644
6649
6655
6666
6672
6677
6683
6694
6700
6706
6712
6717
6723
6734
6740
6745
6751
6762
6768
6773
6779
6790
6796
6801
6807
6818
6824
6829
6835
6846
6852
6857
6863
6874
6880
6885
6891
6903
6914
6920
6925
6931
6942
6948
6953
6959
6970
6976
6981
6987
6998
7010
7016
7021
7027
7038
7044
7049
7055
7066
7072
7077
7083
7094
7100
7106
7112
7117
7123
7134
7140
7145
7151
7162
7168
7173
7179
7190
7196
7201
7207
7218
7224
7229
7235
7246
7252
7257
7263
7274
7280
7285
7291
7303
7314
7320
7325
7331
7342
7348
7353
7359
7370
7376
7381
7387
7398
7410
7416
7421
7427
7438
7444
7449
7455
7466
7472
7477
7483
7494
7500
7506
7512
7517
7523
7534
7540
7545
7551
7562
7568
7573
7579
7590
7596
7601
7607
7618
7624
7629
7635
7646
7652
7657
7663
7674
7680
7685
7691
7703
7714
7720
7725
7731
7742
7748
7753
7759
7770
7776
7781
7787
7798
7810
7816
7821
7827
7838
7844
7849
7855
7866
7872
7877
7883
7894
7900
7906
7912
7917
7923
7934
7940
7945
7951
7962
7968
7973
7979
7990
7996
8001
8007
8018
8024
8029
8035
8046
8052
8057
8063
8074
8080
8085
8091
8103
8114
8120
8125
8131
8142
8148
8153
8159
8170
8176
8181
8187
8198
8210
8216
8221
8227
8238
8244
8249
8255
8266
8272
8277
8283
8294
8300
8306
8312
8317
8323
8334
8340
8345
8351
8362
8368
8373
8379
8390
8396
8401
8407
8418
8424
8429
8435
8446
8452
8457
8463
8474
8480
8485
8491
8503
8514
8520
8525
8531
8542
8548
8553
8559
8570
8576
8581
8587
8598
8610
8616
8621
8627
8638
8644
8649
8655
8666
8672
8677
8683
8694
8700
8706
8712
8717
8723
8734
8740
8745
8751
8762
8768
8773
8779
8790
8796
8801
8807
8818
8824
8829
8835
8846
8852
8857
8863
8874
8880
8885
8891
8903
8914
8920
8925
8931
8942
8948
8953
8959
8970
8976
8981
8987
8998
9010
9016
9021
9027
9038
9044
9049
9055
9066
9072
9077
9083
9094
9100
9106
9112
9117
9123
9134
9140
9145
9151
9162
9168
9173
9179
9190
9196
9201
9207
9218
9224
9229
9235
9246
9252
9257
9263
9274
9280
9285
9291
9303
9314
9320
9325
9331
9342
9348
9353
9359
9370
9376
9381
9387
9398
9410
9416
9421
9427
9438
9444
9449
9455
9466
9472
9477
9483
9494
9500
9506
9512
9517
9523
9534
9540
9545
9551
9562
9568
9573
9579
9590
9596
9601
9607
9618
9624
9629
9635
9646
9652
9657
9663
9674
9680
9685
9691
9703
9714
9720
9725
9731
9742
9748
9753
9759
9770
9776
9781
9787
9798
9810
9816
9821
9827
9838
9844
9849
9855
9866
9872
9877
9883
9894
9900
9906
9912
9917
9923
9934
9940
9945
9951
9962
9968
9973
9979
9990
9996
