1
5000
0 1000000
200 1000000
400 1000000
600 1000000
800 1000000
1000 1000000
1200 1000000
1400 1000000
1600 1000000
1800 1000000
2000 1000000
2200 1000000
2400 1000000
2600 1000000
2800 1000000
3000 1000000
3200 1000000
3400 1000000
3600 1000000
3800 1000000
4000 1000000
4200 1000000
4400 1000000
4600 1000000
4800 1000000
5000 1000000
5200 1000000
5400 1000000
5600 1000000
5800 1000000
6000 1000000
6200 1000000
6400 1000000
6600 1000000
6800 1000000
7000 1000000
7200 1000000
7400 1000000
7600 1000000
7800 1000000
8000 1000000
8200 1000000
8400 1000000
8600 1000000
8800 1000000
9000 1000000
9200 1000000
9400 1000000
9600 1000000
9800 1000000
10000 1000000
10200 1000000
10400 1000000
10600 1000000
10800 1000000
11000 1000000
11200 1000000
11400 1000000
11600 1000000
11800 1000000
12000 1000000
12200 1000000
12400 1000000
12600 1000000
12800 1000000
13000 1000000
13200 1000000
13400 1000000
13600 1000000
13800 1000000
14000 1000000
14200 1000000
14400 1000000
14600 1000000
14800 1000000
15000 1000000
15200 1000000
15400 1000000
15600 1000000
15800 1000000
16000 1000000
16200 1000000
16400 1000000
16600 1000000
16800 1000000
17000 1000000
17200 1000000
17400 1000000
17600 1000000
17800 1000000
18000 1000000
18200 1000000
18400 1000000
18600 1000000
18800 1000000
19000 1000000
19200 1000000
19400 1000000
19600 1000000
19800 1000000
20000 1000000
20200 1000000
20400 1000000
20600 1000000
20800 1000000
21000 1000000
21200 1000000
21400 1000000
21600 1000000
21800 1000000
22000 1000000
22200 1000000
22400 1000000
22600 1000000
22800 1000000
23000 1000000
23200 1000000
23400 1000000
23600 1000000
23800 1000000
24000 1000000
24200 1000000
24400 1000000
24600 1000000
24800 1000000
25000 1000000
25200 1000000
25400 1000000
25600 1000000
25800 1000000
26000 1000000
26200 1000000
26400 1000000
26600 1000000
26800 1000000
27000 1000000
27200 1000000
27400 1000000
27600 1000000
27800 1000000
28000 1000000
28200 1000000
28400 1000000
28600 1000000
28800 1000000
29000 1000000
29200 1000000
29400 1000000
29600 1000000
29800 1000000
30000 1000000
30200 1000000
30400 1000000
30600 1000000
30800 1000000
31000 1000000
31200 1000000
31400 1000000
31600 1000000
31800 1000000
32000 1000000
32200 1000000
32400 1000000
32600 1000000
32800 1000000
33000 1000000
33200 1000000
33400 1000000
33600 1000000
33800 1000000
34000 1000000
34200 1000000
34400 1000000
34600 1000000
34800 1000000
35000 1000000
35200 1000000
35400 1000000
35600 1000000
35800 1000000
36000 1000000
36200 1000000
36400 1000000
36600 1000000
36800 1000000
37000 1000000
37200 1000000
37400 1000000
37600 1000000
37800 1000000
38000 1000000
38200 1000000
38400 1000000
38600 1000000
38800 1000000
39000 1000000
39200 1000000
39400 1000000
39600 1000000
39800 1000000
40000 1000000
40200 1000000
40400 1000000
40600 1000000
40800 1000000
41000 1000000
41200 1000000
41400 1000000
41600 1000000
41800 1000000
42000 1000000
42200 1000000
42400 1000000
42600 1000000
42800 1000000
43000 1000000
43200 1000000
43400 1000000
43600 1000000
43800 1000000
44000 1000000
44200 1000000
44400 1000000
44600 1000000
44800 1000000
45000 1000000
45200 1000000
45400 1000000
45600 1000000
45800 1000000
46000 1000000
46200 1000000
46400 1000000
46600 1000000
46800 1000000
47000 1000000
47200 1000000
47400 1000000
47600 1000000
47800 1000000
48000 1000000
48200 1000000
48400 1000000
48600 1000000
48800 1000000
49000 1000000
49200 1000000
49400 1000000
49600 1000000
49800 1000000
50000 1000000
50200 1000000
50400 1000000
50600 1000000
50800 1000000
51000 1000000
51200 1000000
51400 1000000
51600 1000000
51800 1000000
52000 1000000
52200 1000000
52400 1000000
52600 1000000
52800 1000000
53000 1000000
53200 1000000
53400 1000000
53600 1000000
53800 1000000
54000 1000000
54200 1000000
54400 1000000
54600 1000000
54800 1000000
55000 1000000
55200 1000000
55400 1000000
55600 1000000
55800 1000000
56000 1000000
56200 1000000
56400 1000000
56600 1000000
56800 1000000
57000 1000000
57200 1000000
57400 1000000
57600 1000000
57800 1000000
58000 1000000
58200 1000000
58400 1000000
58600 1000000
58800 1000000
59000 1000000
59200 1000000
59400 1000000
59600 1000000
59800 1000000
60000 1000000
60200 1000000
60400 1000000
60600 1000000
60800 1000000
61000 1000000
61200 1000000
61400 1000000
61600 1000000
61800 1000000
62000 1000000
62200 1000000
62400 1000000
62600 1000000
62800 1000000
63000 1000000
63200 1000000
63400 1000000
63600 1000000
63800 1000000
64000 1000000
64200 1000000
64400 1000000
64600 1000000
64800 1000000
65000 1000000
65200 1000000
65400 1000000
65600 1000000
65800 1000000
66000 1000000
66200 1000000
66400 1000000
66600 1000000
66800 1000000
67000 1000000
67200 1000000
67400 1000000
67600 1000000
67800 1000000
68000 1000000
68200 1000000
68400 1000000
68600 1000000
68800 1000000
69000 1000000
69200 1000000
69400 1000000
69600 1000000
69800 1000000
70000 1000000
70200 1000000
70400 1000000
70600 1000000
70800 1000000
71000 1000000
71200 1000000
71400 1000000
71600 1000000
71800 1000000
72000 1000000
72200 1000000
72400 1000000
72600 1000000
72800 1000000
73000 1000000
73200 1000000
73400 1000000
73600 1000000
73800 1000000
74000 1000000
74200 1000000
74400 1000000
74600 1000000
74800 1000000
75000 1000000
75200 1000000
75400 1000000
75600 1000000
75800 1000000
76000 1000000
76200 1000000
76400 1000000
76600 1000000
76800 1000000
77000 1000000
77200 1000000
77400 1000000
77600 1000000
77800 1000000
78000 1000000
78200 1000000
78400 1000000
78600 1000000
78800 1000000
79000 1000000
79200 1000000
79400 1000000
79600 1000000
79800 1000000
80000 1000000
80200 1000000
80400 1000000
80600 1000000
80800 1000000
81000 1000000
81200 1000000
81400 1000000
81600 1000000
81800 1000000
82000 1000000
82200 1000000
82400 1000000
82600 1000000
82800 1000000
83000 1000000
83200 1000000
83400 1000000
83600 1000000
83800 1000000
84000 1000000
84200 1000000
84400 1000000
84600 1000000
84800 1000000
85000 1000000
85200 1000000
85400 1000000
85600 1000000
85800 1000000
86000 1000000
86200 1000000
86400 1000000
86600 1000000
86800 1000000
87000 1000000
87200 1000000
87400 1000000
87600 1000000
87800 1000000
88000 1000000
88200 1000000
88400 1000000
88600 1000000
88800 1000000
89000 1000000
89200 1000000
89400 1000000
89600 1000000
89800 1000000
90000 1000000
90200 1000000
90400 1000000
90600 1000000
90800 1000000
91000 1000000
91200 1000000
91400 1000000
91600 1000000
91800 1000000
92000 1000000
92200 1000000
92400 1000000
92600 1000000
92800 1000000
93000 1000000
93200 1000000
93400 1000000
93600 1000000
93800 1000000
94000 1000000
94200 1000000
94400 1000000
94600 1000000
94800 1000000
95000 1000000
95200 1000000
95400 1000000
95600 1000000
95800 1000000
96000 1000000
96200 1000000
96400 1000000
96600 1000000
96800 1000000
97000 1000000
97200 1000000
97400 1000000
97600 1000000
97800 1000000
98000 1000000
98200 1000000
98400 1000000
98600 1000000
98800 1000000
99000 1000000
99200 1000000
99400 1000000
99600 1000000
99800 1000000
100000 1000000
100200 1000000
100400 1000000
100600 1000000
100800 1000000
101000 1000000
101200 1000000
101400 1000000
101600 1000000
101800 1000000
102000 1000000
102200 1000000
102400 1000000
102600 1000000
102800 1000000
103000 1000000
103200 1000000
103400 1000000
103600 1000000
103800 1000000
104000 1000000
104200 1000000
104400 1000000
104600 1000000
104800 1000000
105000 1000000
105200 1000000
105400 1000000
105600 1000000
105800 1000000
106000 1000000
106200 1000000
106400 1000000
106600 1000000
106800 1000000
107000 1000000
107200 1000000
107400 1000000
107600 1000000
107800 1000000
108000 1000000
108200 1000000
108400 1000000
108600 1000000
108800 1000000
109000 1000000
109200 1000000
109400 1000000
109600 1000000
109800 1000000
110000 1000000
110200 1000000
110400 1000000
110600 1000000
110800 1000000
111000 1000000
111200 1000000
111400 1000000
111600 1000000
111800 1000000
112000 1000000
112200 1000000
112400 1000000
112600 1000000
112800 1000000
113000 1000000
113200 1000000
113400 1000000
113600 1000000
113800 1000000
114000 1000000
114200 1000000
114400 1000000
114600 1000000
114800 1000000
115000 1000000
115200 1000000
115400 1000000
115600 1000000
115800 1000000
116000 1000000
116200 1000000
116400 1000000
116600 1000000
116800 1000000
117000 1000000
117200 1000000
117400 1000000
117600 1000000
117800 1000000
118000 1000000
118200 1000000
118400 1000000
118600 1000000
118800 1000000
119000 1000000
119200 1000000
119400 1000000
119600 1000000
119800 1000000
120000 1000000
120200 1000000
120400 1000000
120600 1000000
120800 1000000
121000 1000000
121200 1000000
121400 1000000
121600 1000000
121800 1000000
122000 1000000
122200 1000000
122400 1000000
122600 1000000
122800 1000000
123000 1000000
123200 1000000
123400 1000000
123600 1000000
123800 1000000
124000 1000000
124200 1000000
124400 1000000
124600 1000000
124800 1000000
125000 1000000
125200 1000000
125400 1000000
125600 1000000
125800 1000000
126000 1000000
126200 1000000
126400 1000000
126600 1000000
126800 1000000
127000 1000000
127200 1000000
127400 1000000
127600 1000000
127800 1000000
128000 1000000
128200 1000000
128400 1000000
128600 1000000
128800 1000000
129000 1000000
129200 1000000
129400 1000000
129600 1000000
129800 1000000
130000 1000000
130200 1000000
130400 1000000
130600 1000000
130800 1000000
131000 1000000
131200 1000000
131400 1000000
131600 1000000
131800 1000000
132000 1000000
132200 1000000
132400 1000000
132600 1000000
132800 1000000
133000 1000000
133200 1000000
133400 1000000
133600 1000000
133800 1000000
134000 1000000
134200 1000000
134400 1000000
134600 1000000
134800 1000000
135000 1000000
135200 1000000
135400 1000000
135600 1000000
135800 1000000
136000 1000000
136200 1000000
136400 1000000
136600 1000000
136800 1000000
137000 1000000
137200 1000000
137400 1000000
137600 1000000
137800 1000000
138000 1000000
138200 1000000
138400 1000000
138600 1000000
138800 1000000
139000 1000000
139200 1000000
139400 1000000
139600 1000000
139800 1000000
140000 1000000
140200 1000000
140400 1000000
140600 1000000
140800 1000000
141000 1000000
141200 1000000
141400 1000000
141600 1000000
141800 1000000
142000 1000000
142200 1000000
142400 1000000
142600 1000000
142800 1000000
143000 1000000
143200 1000000
143400 1000000
143600 1000000
143800 1000000
144000 1000000
144200 1000000
144400 1000000
144600 1000000
144800 1000000
145000 1000000
145200 1000000
145400 1000000
145600 1000000
145800 1000000
146000 1000000
146200 1000000
146400 1000000
146600 1000000
146800 1000000
147000 1000000
147200 1000000
147400 1000000
147600 1000000
147800 1000000
148000 1000000
148200 1000000
148400 1000000
148600 1000000
148800 1000000
149000 1000000
149200 1000000
149400 1000000
149600 1000000
149800 1000000
150000 1000000
150200 1000000
150400 1000000
150600 1000000
150800 1000000
151000 1000000
151200 1000000
151400 1000000
151600 1000000
151800 1000000
152000 1000000
152200 1000000
152400 1000000
152600 1000000
152800 1000000
153000 1000000
153200 1000000
153400 1000000
153600 1000000
153800 1000000
154000 1000000
154200 1000000
154400 1000000
154600 1000000
154800 1000000
155000 1000000
155200 1000000
155400 1000000
155600 1000000
155800 1000000
156000 1000000
156200 1000000
156400 1000000
156600 1000000
156800 1000000
157000 1000000
157200 1000000
157400 1000000
157600 1000000
157800 1000000
158000 1000000
158200 1000000
158400 1000000
158600 1000000
158800 1000000
159000 1000000
159200 1000000
159400 1000000
159600 1000000
159800 1000000
160000 1000000
160200 1000000
160400 1000000
160600 1000000
160800 1000000
161000 1000000
161200 1000000
161400 1000000
161600 1000000
161800 1000000
162000 1000000
162200 1000000
162400 1000000
162600 1000000
162800 1000000
163000 1000000
163200 1000000
163400 1000000
163600 1000000
163800 1000000
164000 1000000
164200 1000000
164400 1000000
164600 1000000
164800 1000000
165000 1000000
165200 1000000
165400 1000000
165600 1000000
165800 1000000
166000 1000000
166200 1000000
166400 1000000
166600 1000000
166800 1000000
167000 1000000
167200 1000000
167400 1000000
167600 1000000
167800 1000000
168000 1000000
168200 1000000
168400 1000000
168600 1000000
168800 1000000
169000 1000000
169200 1000000
169400 1000000
169600 1000000
169800 1000000
170000 1000000
170200 1000000
170400 1000000
170600 1000000
170800 1000000
171000 1000000
171200 1000000
171400 1000000
171600 1000000
171800 1000000
172000 1000000
172200 1000000
172400 1000000
172600 1000000
172800 1000000
173000 1000000
173200 1000000
173400 1000000
173600 1000000
173800 1000000
174000 1000000
174200 1000000
174400 1000000
174600 1000000
174800 1000000
175000 1000000
175200 1000000
175400 1000000
175600 1000000
175800 1000000
176000 1000000
176200 1000000
176400 1000000
176600 1000000
176800 1000000
177000 1000000
177200 1000000
177400 1000000
177600 1000000
177800 1000000
178000 1000000
178200 1000000
178400 1000000
178600 1000000
178800 1000000
179000 1000000
179200 1000000
179400 1000000
179600 1000000
179800 1000000
180000 1000000
180200 1000000
180400 1000000
180600 1000000
180800 1000000
181000 1000000
181200 1000000
181400 1000000
181600 1000000
181800 1000000
182000 1000000
182200 1000000
182400 1000000
182600 1000000
182800 1000000
183000 1000000
183200 1000000
183400 1000000
183600 1000000
183800 1000000
184000 1000000
184200 1000000
184400 1000000
184600 1000000
184800 1000000
185000 1000000
185200 1000000
185400 1000000
185600 1000000
185800 1000000
186000 1000000
186200 1000000
186400 1000000
186600 1000000
186800 1000000
187000 1000000
187200 1000000
187400 1000000
187600 1000000
187800 1000000
188000 1000000
188200 1000000
188400 1000000
188600 1000000
188800 1000000
189000 1000000
189200 1000000
189400 1000000
189600 1000000
189800 1000000
190000 1000000
190200 1000000
190400 1000000
190600 1000000
190800 1000000
191000 1000000
191200 1000000
191400 1000000
191600 1000000
191800 1000000
192000 1000000
192200 1000000
192400 1000000
192600 1000000
192800 1000000
193000 1000000
193200 1000000
193400 1000000
193600 1000000
193800 1000000
194000 1000000
194200 1000000
194400 1000000
194600 1000000
194800 1000000
195000 1000000
195200 1000000
195400 1000000
195600 1000000
195800 1000000
196000 1000000
196200 1000000
196400 1000000
196600 1000000
196800 1000000
197000 1000000
197200 1000000
197400 1000000
197600 1000000
197800 1000000
198000 1000000
198200 1000000
198400 1000000
198600 1000000
198800 1000000
199000 1000000
199200 1000000
199400 1000000
199600 1000000
199800 1000000
200000 1000000
200200 1000000
200400 1000000
200600 1000000
200800 1000000
201000 1000000
201200 1000000
201400 1000000
201600 1000000
201800 1000000
202000 1000000
202200 1000000
202400 1000000
202600 1000000
202800 1000000
203000 1000000
203200 1000000
203400 1000000
203600 1000000
203800 1000000
204000 1000000
204200 1000000
204400 1000000
204600 1000000
204800 1000000
205000 1000000
205200 1000000
205400 1000000
205600 1000000
205800 1000000
206000 1000000
206200 1000000
206400 1000000
206600 1000000
206800 1000000
207000 1000000
207200 1000000
207400 1000000
207600 1000000
207800 1000000
208000 1000000
208200 1000000
208400 1000000
208600 1000000
208800 1000000
209000 1000000
209200 1000000
209400 1000000
209600 1000000
209800 1000000
210000 1000000
210200 1000000
210400 1000000
210600 1000000
210800 1000000
211000 1000000
211200 1000000
211400 1000000
211600 1000000
211800 1000000
212000 1000000
212200 1000000
212400 1000000
212600 1000000
212800 1000000
213000 1000000
213200 1000000
213400 1000000
213600 1000000
213800 1000000
214000 1000000
214200 1000000
214400 1000000
214600 1000000
214800 1000000
215000 1000000
215200 1000000
215400 1000000
215600 1000000
215800 1000000
216000 1000000
216200 1000000
216400 1000000
216600 1000000
216800 1000000
217000 1000000
217200 1000000
217400 1000000
217600 1000000
217800 1000000
218000 1000000
218200 1000000
218400 1000000
218600 1000000
218800 1000000
219000 1000000
219200 1000000
219400 1000000
219600 1000000
219800 1000000
220000 1000000
220200 1000000
220400 1000000
220600 1000000
220800 1000000
221000 1000000
221200 1000000
221400 1000000
221600 1000000
221800 1000000
222000 1000000
222200 1000000
222400 1000000
222600 1000000
222800 1000000
223000 1000000
223200 1000000
223400 1000000
223600 1000000
223800 1000000
224000 1000000
224200 1000000
224400 1000000
224600 1000000
224800 1000000
225000 1000000
225200 1000000
225400 1000000
225600 1000000
225800 1000000
226000 1000000
226200 1000000
226400 1000000
226600 1000000
226800 1000000
227000 1000000
227200 1000000
227400 1000000
227600 1000000
227800 1000000
228000 1000000
228200 1000000
228400 1000000
228600 1000000
228800 1000000
229000 1000000
229200 1000000
229400 1000000
229600 1000000
229800 1000000
230000 1000000
230200 1000000
230400 1000000
230600 1000000
230800 1000000
231000 1000000
231200 1000000
231400 1000000
231600 1000000
231800 1000000
232000 1000000
232200 1000000
232400 1000000
232600 1000000
232800 1000000
233000 1000000
233200 1000000
233400 1000000
233600 1000000
233800 1000000
234000 1000000
234200 1000000
234400 1000000
234600 1000000
234800 1000000
235000 1000000
235200 1000000
235400 1000000
235600 1000000
235800 1000000
236000 1000000
236200 1000000
236400 1000000
236600 1000000
236800 1000000
237000 1000000
237200 1000000
237400 1000000
237600 1000000
237800 1000000
238000 1000000
238200 1000000
238400 1000000
238600 1000000
238800 1000000
239000 1000000
239200 1000000
239400 1000000
239600 1000000
239800 1000000
240000 1000000
240200 1000000
240400 1000000
240600 1000000
240800 1000000
241000 1000000
241200 1000000
241400 1000000
241600 1000000
241800 1000000
242000 1000000
242200 1000000
242400 1000000
242600 1000000
242800 1000000
243000 1000000
243200 1000000
243400 1000000
243600 1000000
243800 1000000
244000 1000000
244200 1000000
244400 1000000
244600 1000000
244800 1000000
245000 1000000
245200 1000000
245400 1000000
245600 1000000
245800 1000000
246000 1000000
246200 1000000
246400 1000000
246600 1000000
246800 1000000
247000 1000000
247200 1000000
247400 1000000
247600 1000000
247800 1000000
248000 1000000
248200 1000000
248400 1000000
248600 1000000
248800 1000000
249000 1000000
249200 1000000
249400 1000000
249600 1000000
249800 1000000
250000 1000000
250200 1000000
250400 1000000
250600 1000000
250800 1000000
251000 1000000
251200 1000000
251400 1000000
251600 1000000
251800 1000000
252000 1000000
252200 1000000
252400 1000000
252600 1000000
252800 1000000
253000 1000000
253200 1000000
253400 1000000
253600 1000000
253800 1000000
254000 1000000
254200 1000000
254400 1000000
254600 1000000
254800 1000000
255000 1000000
255200 1000000
255400 1000000
255600 1000000
255800 1000000
256000 1000000
256200 1000000
256400 1000000
256600 1000000
256800 1000000
257000 1000000
257200 1000000
257400 1000000
257600 1000000
257800 1000000
258000 1000000
258200 1000000
258400 1000000
258600 1000000
258800 1000000
259000 1000000
259200 1000000
259400 1000000
259600 1000000
259800 1000000
260000 1000000
260200 1000000
260400 1000000
260600 1000000
260800 1000000
261000 1000000
261200 1000000
261400 1000000
261600 1000000
261800 1000000
262000 1000000
262200 1000000
262400 1000000
262600 1000000
262800 1000000
263000 1000000
263200 1000000
263400 1000000
263600 1000000
263800 1000000
264000 1000000
264200 1000000
264400 1000000
264600 1000000
264800 1000000
265000 1000000
265200 1000000
265400 1000000
265600 1000000
265800 1000000
266000 1000000
266200 1000000
266400 1000000
266600 1000000
266800 1000000
267000 1000000
267200 1000000
267400 1000000
267600 1000000
267800 1000000
268000 1000000
268200 1000000
268400 1000000
268600 1000000
268800 1000000
269000 1000000
269200 1000000
269400 1000000
269600 1000000
269800 1000000
270000 1000000
270200 1000000
270400 1000000
270600 1000000
270800 1000000
271000 1000000
271200 1000000
271400 1000000
271600 1000000
271800 1000000
272000 1000000
272200 1000000
272400 1000000
272600 1000000
272800 1000000
273000 1000000
273200 1000000
273400 1000000
273600 1000000
273800 1000000
274000 1000000
274200 1000000
274400 1000000
274600 1000000
274800 1000000
275000 1000000
275200 1000000
275400 1000000
275600 1000000
275800 1000000
276000 1000000
276200 1000000
276400 1000000
276600 1000000
276800 1000000
277000 1000000
277200 1000000
277400 1000000
277600 1000000
277800 1000000
278000 1000000
278200 1000000
278400 1000000
278600 1000000
278800 1000000
279000 1000000
279200 1000000
279400 1000000
279600 1000000
279800 1000000
280000 1000000
280200 1000000
280400 1000000
280600 1000000
280800 1000000
281000 1000000
281200 1000000
281400 1000000
281600 1000000
281800 1000000
282000 1000000
282200 1000000
282400 1000000
282600 1000000
282800 1000000
283000 1000000
283200 1000000
283400 1000000
283600 1000000
283800 1000000
284000 1000000
284200 1000000
284400 1000000
284600 1000000
284800 1000000
285000 1000000
285200 1000000
285400 1000000
285600 1000000
285800 1000000
286000 1000000
286200 1000000
286400 1000000
286600 1000000
286800 1000000
287000 1000000
287200 1000000
287400 1000000
287600 1000000
287800 1000000
288000 1000000
288200 1000000
288400 1000000
288600 1000000
288800 1000000
289000 1000000
289200 1000000
289400 1000000
289600 1000000
289800 1000000
290000 1000000
290200 1000000
290400 1000000
290600 1000000
290800 1000000
291000 1000000
291200 1000000
291400 1000000
291600 1000000
291800 1000000
292000 1000000
292200 1000000
292400 1000000
292600 1000000
292800 1000000
293000 1000000
293200 1000000
293400 1000000
293600 1000000
293800 1000000
294000 1000000
294200 1000000
294400 1000000
294600 1000000
294800 1000000
295000 1000000
295200 1000000
295400 1000000
295600 1000000
295800 1000000
296000 1000000
296200 1000000
296400 1000000
296600 1000000
296800 1000000
297000 1000000
297200 1000000
297400 1000000
297600 1000000
297800 1000000
298000 1000000
298200 1000000
298400 1000000
298600 1000000
298800 1000000
299000 1000000
299200 1000000
299400 1000000
299600 1000000
299800 1000000
300000 1000000
300200 1000000
300400 1000000
300600 1000000
300800 1000000
301000 1000000
301200 1000000
301400 1000000
301600 1000000
301800 1000000
302000 1000000
302200 1000000
302400 1000000
302600 1000000
302800 1000000
303000 1000000
303200 1000000
303400 1000000
303600 1000000
303800 1000000
304000 1000000
304200 1000000
304400 1000000
304600 1000000
304800 1000000
305000 1000000
305200 1000000
305400 1000000
305600 1000000
305800 1000000
306000 1000000
306200 1000000
306400 1000000
306600 1000000
306800 1000000
307000 1000000
307200 1000000
307400 1000000
307600 1000000
307800 1000000
308000 1000000
308200 1000000
308400 1000000
308600 1000000
308800 1000000
309000 1000000
309200 1000000
309400 1000000
309600 1000000
309800 1000000
310000 1000000
310200 1000000
310400 1000000
310600 1000000
310800 1000000
311000 1000000
311200 1000000
311400 1000000
311600 1000000
311800 1000000
312000 1000000
312200 1000000
312400 1000000
312600 1000000
312800 1000000
313000 1000000
313200 1000000
313400 1000000
313600 1000000
313800 1000000
314000 1000000
314200 1000000
314400 1000000
314600 1000000
314800 1000000
315000 1000000
315200 1000000
315400 1000000
315600 1000000
315800 1000000
316000 1000000
316200 1000000
316400 1000000
316600 1000000
316800 1000000
317000 1000000
317200 1000000
317400 1000000
317600 1000000
317800 1000000
318000 1000000
318200 1000000
318400 1000000
318600 1000000
318800 1000000
319000 1000000
319200 1000000
319400 1000000
319600 1000000
319800 1000000
320000 1000000
320200 1000000
320400 1000000
320600 1000000
320800 1000000
321000 1000000
321200 1000000
321400 1000000
321600 1000000
321800 1000000
322000 1000000
322200 1000000
322400 1000000
322600 1000000
322800 1000000
323000 1000000
323200 1000000
323400 1000000
323600 1000000
323800 1000000
324000 1000000
324200 1000000
324400 1000000
324600 1000000
324800 1000000
325000 1000000
325200 1000000
325400 1000000
325600 1000000
325800 1000000
326000 1000000
326200 1000000
326400 1000000
326600 1000000
326800 1000000
327000 1000000
327200 1000000
327400 1000000
327600 1000000
327800 1000000
328000 1000000
328200 1000000
328400 1000000
328600 1000000
328800 1000000
329000 1000000
329200 1000000
329400 1000000
329600 1000000
329800 1000000
330000 1000000
330200 1000000
330400 1000000
330600 1000000
330800 1000000
331000 1000000
331200 1000000
331400 1000000
331600 1000000
331800 1000000
332000 1000000
332200 1000000
332400 1000000
332600 1000000
332800 1000000
333000 1000000
333200 1000000
333400 1000000
333600 1000000
333800 1000000
334000 1000000
334200 1000000
334400 1000000
334600 1000000
334800 1000000
335000 1000000
335200 1000000
335400 1000000
335600 1000000
335800 1000000
336000 1000000
336200 1000000
336400 1000000
336600 1000000
336800 1000000
337000 1000000
337200 1000000
337400 1000000
337600 1000000
337800 1000000
338000 1000000
338200 1000000
338400 1000000
338600 1000000
338800 1000000
339000 1000000
339200 1000000
339400 1000000
339600 1000000
339800 1000000
340000 1000000
340200 1000000
340400 1000000
340600 1000000
340800 1000000
341000 1000000
341200 1000000
341400 1000000
341600 1000000
341800 1000000
342000 1000000
342200 1000000
342400 1000000
342600 1000000
342800 1000000
343000 1000000
343200 1000000
343400 1000000
343600 1000000
343800 1000000
344000 1000000
344200 1000000
344400 1000000
344600 1000000
344800 1000000
345000 1000000
345200 1000000
345400 1000000
345600 1000000
345800 1000000
346000 1000000
346200 1000000
346400 1000000
346600 1000000
346800 1000000
347000 1000000
347200 1000000
347400 1000000
347600 1000000
347800 1000000
348000 1000000
348200 1000000
348400 1000000
348600 1000000
348800 1000000
349000 1000000
349200 1000000
349400 1000000
349600 1000000
349800 1000000
350000 1000000
350200 1000000
350400 1000000
350600 1000000
350800 1000000
351000 1000000
351200 1000000
351400 1000000
351600 1000000
351800 1000000
352000 1000000
352200 1000000
352400 1000000
352600 1000000
352800 1000000
353000 1000000
353200 1000000
353400 1000000
353600 1000000
353800 1000000
354000 1000000
354200 1000000
354400 1000000
354600 1000000
354800 1000000
355000 1000000
355200 1000000
355400 1000000
355600 1000000
355800 1000000
356000 1000000
356200 1000000
356400 1000000
356600 1000000
356800 1000000
357000 1000000
357200 1000000
357400 1000000
357600 1000000
357800 1000000
358000 1000000
358200 1000000
358400 1000000
358600 1000000
358800 1000000
359000 1000000
359200 1000000
359400 1000000
359600 1000000
359800 1000000
360000 1000000
360200 1000000
360400 1000000
360600 1000000
360800 1000000
361000 1000000
361200 1000000
361400 1000000
361600 1000000
361800 1000000
362000 1000000
362200 1000000
362400 1000000
362600 1000000
362800 1000000
363000 1000000
363200 1000000
363400 1000000
363600 1000000
363800 1000000
364000 1000000
364200 1000000
364400 1000000
364600 1000000
364800 1000000
365000 1000000
365200 1000000
365400 1000000
365600 1000000
365800 1000000
366000 1000000
366200 1000000
366400 1000000
366600 1000000
366800 1000000
367000 1000000
367200 1000000
367400 1000000
367600 1000000
367800 1000000
368000 1000000
368200 1000000
368400 1000000
368600 1000000
368800 1000000
369000 1000000
369200 1000000
369400 1000000
369600 1000000
369800 1000000
370000 1000000
370200 1000000
370400 1000000
370600 1000000
370800 1000000
371000 1000000
371200 1000000
371400 1000000
371600 1000000
371800 1000000
372000 1000000
372200 1000000
372400 1000000
372600 1000000
372800 1000000
373000 1000000
373200 1000000
373400 1000000
373600 1000000
373800 1000000
374000 1000000
374200 1000000
374400 1000000
374600 1000000
374800 1000000
375000 1000000
375200 1000000
375400 1000000
375600 1000000
375800 1000000
376000 1000000
376200 1000000
376400 1000000
376600 1000000
376800 1000000
377000 1000000
377200 1000000
377400 1000000
377600 1000000
377800 1000000
378000 1000000
378200 1000000
378400 1000000
378600 1000000
378800 1000000
379000 1000000
379200 1000000
379400 1000000
379600 1000000
379800 1000000
380000 1000000
380200 1000000
380400 1000000
380600 1000000
380800 1000000
381000 1000000
381200 1000000
381400 1000000
381600 1000000
381800 1000000
382000 1000000
382200 1000000
382400 1000000
382600 1000000
382800 1000000
383000 1000000
383200 1000000
383400 1000000
383600 1000000
383800 1000000
384000 1000000
384200 1000000
384400 1000000
384600 1000000
384800 1000000
385000 1000000
385200 1000000
385400 1000000
385600 1000000
385800 1000000
386000 1000000
386200 1000000
386400 1000000
386600 1000000
386800 1000000
387000 1000000
387200 1000000
387400 1000000
387600 1000000
387800 1000000
388000 1000000
388200 1000000
388400 1000000
388600 1000000
388800 1000000
389000 1000000
389200 1000000
389400 1000000
389600 1000000
389800 1000000
390000 1000000
390200 1000000
390400 1000000
390600 1000000
390800 1000000
391000 1000000
391200 1000000
391400 1000000
391600 1000000
391800 1000000
392000 1000000
392200 1000000
392400 1000000
392600 1000000
392800 1000000
393000 1000000
393200 1000000
393400 1000000
393600 1000000
393800 1000000
394000 1000000
394200 1000000
394400 1000000
394600 1000000
394800 1000000
395000 1000000
395200 1000000
395400 1000000
395600 1000000
395800 1000000
396000 1000000
396200 1000000
396400 1000000
396600 1000000
396800 1000000
397000 1000000
397200 1000000
397400 1000000
397600 1000000
397800 1000000
398000 1000000
398200 1000000
398400 1000000
398600 1000000
398800 1000000
399000 1000000
399200 1000000
399400 1000000
399600 1000000
399800 1000000
400000 1000000
400200 1000000
400400 1000000
400600 1000000
400800 1000000
401000 1000000
401200 1000000
401400 1000000
401600 1000000
401800 1000000
402000 1000000
402200 1000000
402400 1000000
402600 1000000
402800 1000000
403000 1000000
403200 1000000
403400 1000000
403600 1000000
403800 1000000
404000 1000000
404200 1000000
404400 1000000
404600 1000000
404800 1000000
405000 1000000
405200 1000000
405400 1000000
405600 1000000
405800 1000000
406000 1000000
406200 1000000
406400 1000000
406600 1000000
406800 1000000
407000 1000000
407200 1000000
407400 1000000
407600 1000000
407800 1000000
408000 1000000
408200 1000000
408400 1000000
408600 1000000
408800 1000000
409000 1000000
409200 1000000
409400 1000000
409600 1000000
409800 1000000
410000 1000000
410200 1000000
410400 1000000
410600 1000000
410800 1000000
411000 1000000
411200 1000000
411400 1000000
411600 1000000
411800 1000000
412000 1000000
412200 1000000
412400 1000000
412600 1000000
412800 1000000
413000 1000000
413200 1000000
413400 1000000
413600 1000000
413800 1000000
414000 1000000
414200 1000000
414400 1000000
414600 1000000
414800 1000000
415000 1000000
415200 1000000
415400 1000000
415600 1000000
415800 1000000
416000 1000000
416200 1000000
416400 1000000
416600 1000000
416800 1000000
417000 1000000
417200 1000000
417400 1000000
417600 1000000
417800 1000000
418000 1000000
418200 1000000
418400 1000000
418600 1000000
418800 1000000
419000 1000000
419200 1000000
419400 1000000
419600 1000000
419800 1000000
420000 1000000
420200 1000000
420400 1000000
420600 1000000
420800 1000000
421000 1000000
421200 1000000
421400 1000000
421600 1000000
421800 1000000
422000 1000000
422200 1000000
422400 1000000
422600 1000000
422800 1000000
423000 1000000
423200 1000000
423400 1000000
423600 1000000
423800 1000000
424000 1000000
424200 1000000
424400 1000000
424600 1000000
424800 1000000
425000 1000000
425200 1000000
425400 1000000
425600 1000000
425800 1000000
426000 1000000
426200 1000000
426400 1000000
426600 1000000
426800 1000000
427000 1000000
427200 1000000
427400 1000000
427600 1000000
427800 1000000
428000 1000000
428200 1000000
428400 1000000
428600 1000000
428800 1000000
429000 1000000
429200 1000000
429400 1000000
429600 1000000
429800 1000000
430000 1000000
430200 1000000
430400 1000000
430600 1000000
430800 1000000
431000 1000000
431200 1000000
431400 1000000
431600 1000000
431800 1000000
432000 1000000
432200 1000000
432400 1000000
432600 1000000
432800 1000000
433000 1000000
433200 1000000
433400 1000000
433600 1000000
433800 1000000
434000 1000000
434200 1000000
434400 1000000
434600 1000000
434800 1000000
435000 1000000
435200 1000000
435400 1000000
435600 1000000
435800 1000000
436000 1000000
436200 1000000
436400 1000000
436600 1000000
436800 1000000
437000 1000000
437200 1000000
437400 1000000
437600 1000000
437800 1000000
438000 1000000
438200 1000000
438400 1000000
438600 1000000
438800 1000000
439000 1000000
439200 1000000
439400 1000000
439600 1000000
439800 1000000
440000 1000000
440200 1000000
440400 1000000
440600 1000000
440800 1000000
441000 1000000
441200 1000000
441400 1000000
441600 1000000
441800 1000000
442000 1000000
442200 1000000
442400 1000000
442600 1000000
442800 1000000
443000 1000000
443200 1000000
443400 1000000
443600 1000000
443800 1000000
444000 1000000
444200 1000000
444400 1000000
444600 1000000
444800 1000000
445000 1000000
445200 1000000
445400 1000000
445600 1000000
445800 1000000
446000 1000000
446200 1000000
446400 1000000
446600 1000000
446800 1000000
447000 1000000
447200 1000000
447400 1000000
447600 1000000
447800 1000000
448000 1000000
448200 1000000
448400 1000000
448600 1000000
448800 1000000
449000 1000000
449200 1000000
449400 1000000
449600 1000000
449800 1000000
450000 1000000
450200 1000000
450400 1000000
450600 1000000
450800 1000000
451000 1000000
451200 1000000
451400 1000000
451600 1000000
451800 1000000
452000 1000000
452200 1000000
452400 1000000
452600 1000000
452800 1000000
453000 1000000
453200 1000000
453400 1000000
453600 1000000
453800 1000000
454000 1000000
454200 1000000
454400 1000000
454600 1000000
454800 1000000
455000 1000000
455200 1000000
455400 1000000
455600 1000000
455800 1000000
456000 1000000
456200 1000000
456400 1000000
456600 1000000
456800 1000000
457000 1000000
457200 1000000
457400 1000000
457600 1000000
457800 1000000
458000 1000000
458200 1000000
458400 1000000
458600 1000000
458800 1000000
459000 1000000
459200 1000000
459400 1000000
459600 1000000
459800 1000000
460000 1000000
460200 1000000
460400 1000000
460600 1000000
460800 1000000
461000 1000000
461200 1000000
461400 1000000
461600 1000000
461800 1000000
462000 1000000
462200 1000000
462400 1000000
462600 1000000
462800 1000000
463000 1000000
463200 1000000
463400 1000000
463600 1000000
463800 1000000
464000 1000000
464200 1000000
464400 1000000
464600 1000000
464800 1000000
465000 1000000
465200 1000000
465400 1000000
465600 1000000
465800 1000000
466000 1000000
466200 1000000
466400 1000000
466600 1000000
466800 1000000
467000 1000000
467200 1000000
467400 1000000
467600 1000000
467800 1000000
468000 1000000
468200 1000000
468400 1000000
468600 1000000
468800 1000000
469000 1000000
469200 1000000
469400 1000000
469600 1000000
469800 1000000
470000 1000000
470200 1000000
470400 1000000
470600 1000000
470800 1000000
471000 1000000
471200 1000000
471400 1000000
471600 1000000
471800 1000000
472000 1000000
472200 1000000
472400 1000000
472600 1000000
472800 1000000
473000 1000000
473200 1000000
473400 1000000
473600 1000000
473800 1000000
474000 1000000
474200 1000000
474400 1000000
474600 1000000
474800 1000000
475000 1000000
475200 1000000
475400 1000000
475600 1000000
475800 1000000
476000 1000000
476200 1000000
476400 1000000
476600 1000000
476800 1000000
477000 1000000
477200 1000000
477400 1000000
477600 1000000
477800 1000000
478000 1000000
478200 1000000
478400 1000000
478600 1000000
478800 1000000
479000 1000000
479200 1000000
479400 1000000
479600 1000000
479800 1000000
480000 1000000
480200 1000000
480400 1000000
480600 1000000
480800 1000000
481000 1000000
481200 1000000
481400 1000000
481600 1000000
481800 1000000
482000 1000000
482200 1000000
482400 1000000
482600 1000000
482800 1000000
483000 1000000
483200 1000000
483400 1000000
483600 1000000
483800 1000000
484000 1000000
484200 1000000
484400 1000000
484600 1000000
484800 1000000
485000 1000000
485200 1000000
485400 1000000
485600 1000000
485800 1000000
486000 1000000
486200 1000000
486400 1000000
486600 1000000
486800 1000000
487000 1000000
487200 1000000
487400 1000000
487600 1000000
487800 1000000
488000 1000000
488200 1000000
488400 1000000
488600 1000000
488800 1000000
489000 1000000
489200 1000000
489400 1000000
489600 1000000
489800 1000000
490000 1000000
490200 1000000
490400 1000000
490600 1000000
490800 1000000
491000 1000000
491200 1000000
491400 1000000
491600 1000000
491800 1000000
492000 1000000
492200 1000000
492400 1000000
492600 1000000
492800 1000000
493000 1000000
493200 1000000
493400 1000000
493600 1000000
493800 1000000
494000 1000000
494200 1000000
494400 1000000
494600 1000000
494800 1000000
495000 1000000
495200 1000000
495400 1000000
495600 1000000
495800 1000000
496000 1000000
496200 1000000
496400 1000000
496600 1000000
496800 1000000
497000 1000000
497200 1000000
497400 1000000
497600 1000000
497800 1000000
498000 1000000
498200 1000000
498400 1000000
498600 1000000
498800 1000000
499000 1000000
499200 1000000
499400 1000000
499600 1000000
499800 1000000
500000 1000000
500200 1000000
500400 1000000
500600 1000000
500800 1000000
501000 1000000
501200 1000000
501400 1000000
501600 1000000
501800 1000000
502000 1000000
502200 1000000
502400 1000000
502600 1000000
502800 1000000
503000 1000000
503200 1000000
503400 1000000
503600 1000000
503800 1000000
504000 1000000
504200 1000000
504400 1000000
504600 1000000
504800 1000000
505000 1000000
505200 1000000
505400 1000000
505600 1000000
505800 1000000
506000 1000000
506200 1000000
506400 1000000
506600 1000000
506800 1000000
507000 1000000
507200 1000000
507400 1000000
507600 1000000
507800 1000000
508000 1000000
508200 1000000
508400 1000000
508600 1000000
508800 1000000
509000 1000000
509200 1000000
509400 1000000
509600 1000000
509800 1000000
510000 1000000
510200 1000000
510400 1000000
510600 1000000
510800 1000000
511000 1000000
511200 1000000
511400 1000000
511600 1000000
511800 1000000
512000 1000000
512200 1000000
512400 1000000
512600 1000000
512800 1000000
513000 1000000
513200 1000000
513400 1000000
513600 1000000
513800 1000000
514000 1000000
514200 1000000
514400 1000000
514600 1000000
514800 1000000
515000 1000000
515200 1000000
515400 1000000
515600 1000000
515800 1000000
516000 1000000
516200 1000000
516400 1000000
516600 1000000
516800 1000000
517000 1000000
517200 1000000
517400 1000000
517600 1000000
517800 1000000
518000 1000000
518200 1000000
518400 1000000
518600 1000000
518800 1000000
519000 1000000
519200 1000000
519400 1000000
519600 1000000
519800 1000000
520000 1000000
520200 1000000
520400 1000000
520600 1000000
520800 1000000
521000 1000000
521200 1000000
521400 1000000
521600 1000000
521800 1000000
522000 1000000
522200 1000000
522400 1000000
522600 1000000
522800 1000000
523000 1000000
523200 1000000
523400 1000000
523600 1000000
523800 1000000
524000 1000000
524200 1000000
524400 1000000
524600 1000000
524800 1000000
525000 1000000
525200 1000000
525400 1000000
525600 1000000
525800 1000000
526000 1000000
526200 1000000
526400 1000000
526600 1000000
526800 1000000
527000 1000000
527200 1000000
527400 1000000
527600 1000000
527800 1000000
528000 1000000
528200 1000000
528400 1000000
528600 1000000
528800 1000000
529000 1000000
529200 1000000
529400 1000000
529600 1000000
529800 1000000
530000 1000000
530200 1000000
530400 1000000
530600 1000000
530800 1000000
531000 1000000
531200 1000000
531400 1000000
531600 1000000
531800 1000000
532000 1000000
532200 1000000
532400 1000000
532600 1000000
532800 1000000
533000 1000000
533200 1000000
533400 1000000
533600 1000000
533800 1000000
534000 1000000
534200 1000000
534400 1000000
534600 1000000
534800 1000000
535000 1000000
535200 1000000
535400 1000000
535600 1000000
535800 1000000
536000 1000000
536200 1000000
536400 1000000
536600 1000000
536800 1000000
537000 1000000
537200 1000000
537400 1000000
537600 1000000
537800 1000000
538000 1000000
538200 1000000
538400 1000000
538600 1000000
538800 1000000
539000 1000000
539200 1000000
539400 1000000
539600 1000000
539800 1000000
540000 1000000
540200 1000000
540400 1000000
540600 1000000
540800 1000000
541000 1000000
541200 1000000
541400 1000000
541600 1000000
541800 1000000
542000 1000000
542200 1000000
542400 1000000
542600 1000000
542800 1000000
543000 1000000
543200 1000000
543400 1000000
543600 1000000
543800 1000000
544000 1000000
544200 1000000
544400 1000000
544600 1000000
544800 1000000
545000 1000000
545200 1000000
545400 1000000
545600 1000000
545800 1000000
546000 1000000
546200 1000000
546400 1000000
546600 1000000
546800 1000000
547000 1000000
547200 1000000
547400 1000000
547600 1000000
547800 1000000
548000 1000000
548200 1000000
548400 1000000
548600 1000000
548800 1000000
549000 1000000
549200 1000000
549400 1000000
549600 1000000
549800 1000000
550000 1000000
550200 1000000
550400 1000000
550600 1000000
550800 1000000
551000 1000000
551200 1000000
551400 1000000
551600 1000000
551800 1000000
552000 1000000
552200 1000000
552400 1000000
552600 1000000
552800 1000000
553000 1000000
553200 1000000
553400 1000000
553600 1000000
553800 1000000
554000 1000000
554200 1000000
554400 1000000
554600 1000000
554800 1000000
555000 1000000
555200 1000000
555400 1000000
555600 1000000
555800 1000000
556000 1000000
556200 1000000
556400 1000000
556600 1000000
556800 1000000
557000 1000000
557200 1000000
557400 1000000
557600 1000000
557800 1000000
558000 1000000
558200 1000000
558400 1000000
558600 1000000
558800 1000000
559000 1000000
559200 1000000
559400 1000000
559600 1000000
559800 1000000
560000 1000000
560200 1000000
560400 1000000
560600 1000000
560800 1000000
561000 1000000
561200 1000000
561400 1000000
561600 1000000
561800 1000000
562000 1000000
562200 1000000
562400 1000000
562600 1000000
562800 1000000
563000 1000000
563200 1000000
563400 1000000
563600 1000000
563800 1000000
564000 1000000
564200 1000000
564400 1000000
564600 1000000
564800 1000000
565000 1000000
565200 1000000
565400 1000000
565600 1000000
565800 1000000
566000 1000000
566200 1000000
566400 1000000
566600 1000000
566800 1000000
567000 1000000
567200 1000000
567400 1000000
567600 1000000
567800 1000000
568000 1000000
568200 1000000
568400 1000000
568600 1000000
568800 1000000
569000 1000000
569200 1000000
569400 1000000
569600 1000000
569800 1000000
570000 1000000
570200 1000000
570400 1000000
570600 1000000
570800 1000000
571000 1000000
571200 1000000
571400 1000000
571600 1000000
571800 1000000
572000 1000000
572200 1000000
572400 1000000
572600 1000000
572800 1000000
573000 1000000
573200 1000000
573400 1000000
573600 1000000
573800 1000000
574000 1000000
574200 1000000
574400 1000000
574600 1000000
574800 1000000
575000 1000000
575200 1000000
575400 1000000
575600 1000000
575800 1000000
576000 1000000
576200 1000000
576400 1000000
576600 1000000
576800 1000000
577000 1000000
577200 1000000
577400 1000000
577600 1000000
577800 1000000
578000 1000000
578200 1000000
578400 1000000
578600 1000000
578800 1000000
579000 1000000
579200 1000000
579400 1000000
579600 1000000
579800 1000000
580000 1000000
580200 1000000
580400 1000000
580600 1000000
580800 1000000
581000 1000000
581200 1000000
581400 1000000
581600 1000000
581800 1000000
582000 1000000
582200 1000000
582400 1000000
582600 1000000
582800 1000000
583000 1000000
583200 1000000
583400 1000000
583600 1000000
583800 1000000
584000 1000000
584200 1000000
584400 1000000
584600 1000000
584800 1000000
585000 1000000
585200 1000000
585400 1000000
585600 1000000
585800 1000000
586000 1000000
586200 1000000
586400 1000000
586600 1000000
586800 1000000
587000 1000000
587200 1000000
587400 1000000
587600 1000000
587800 1000000
588000 1000000
588200 1000000
588400 1000000
588600 1000000
588800 1000000
589000 1000000
589200 1000000
589400 1000000
589600 1000000
589800 1000000
590000 1000000
590200 1000000
590400 1000000
590600 1000000
590800 1000000
591000 1000000
591200 1000000
591400 1000000
591600 1000000
591800 1000000
592000 1000000
592200 1000000
592400 1000000
592600 1000000
592800 1000000
593000 1000000
593200 1000000
593400 1000000
593600 1000000
593800 1000000
594000 1000000
594200 1000000
594400 1000000
594600 1000000
594800 1000000
595000 1000000
595200 1000000
595400 1000000
595600 1000000
595800 1000000
596000 1000000
596200 1000000
596400 1000000
596600 1000000
596800 1000000
597000 1000000
597200 1000000
597400 1000000
597600 1000000
597800 1000000
598000 1000000
598200 1000000
598400 1000000
598600 1000000
598800 1000000
599000 1000000
599200 1000000
599400 1000000
599600 1000000
599800 1000000
600000 1000000
600200 1000000
600400 1000000
600600 1000000
600800 1000000
601000 1000000
601200 1000000
601400 1000000
601600 1000000
601800 1000000
602000 1000000
602200 1000000
602400 1000000
602600 1000000
602800 1000000
603000 1000000
603200 1000000
603400 1000000
603600 1000000
603800 1000000
604000 1000000
604200 1000000
604400 1000000
604600 1000000
604800 1000000
605000 1000000
605200 1000000
605400 1000000
605600 1000000
605800 1000000
606000 1000000
606200 1000000
606400 1000000
606600 1000000
606800 1000000
607000 1000000
607200 1000000
607400 1000000
607600 1000000
607800 1000000
608000 1000000
608200 1000000
608400 1000000
608600 1000000
608800 1000000
609000 1000000
609200 1000000
609400 1000000
609600 1000000
609800 1000000
610000 1000000
610200 1000000
610400 1000000
610600 1000000
610800 1000000
611000 1000000
611200 1000000
611400 1000000
611600 1000000
611800 1000000
612000 1000000
612200 1000000
612400 1000000
612600 1000000
612800 1000000
613000 1000000
613200 1000000
613400 1000000
613600 1000000
613800 1000000
614000 1000000
614200 1000000
614400 1000000
614600 1000000
614800 1000000
615000 1000000
615200 1000000
615400 1000000
615600 1000000
615800 1000000
616000 1000000
616200 1000000
616400 1000000
616600 1000000
616800 1000000
617000 1000000
617200 1000000
617400 1000000
617600 1000000
617800 1000000
618000 1000000
618200 1000000
618400 1000000
618600 1000000
618800 1000000
619000 1000000
619200 1000000
619400 1000000
619600 1000000
619800 1000000
620000 1000000
620200 1000000
620400 1000000
620600 1000000
620800 1000000
621000 1000000
621200 1000000
621400 1000000
621600 1000000
621800 1000000
622000 1000000
622200 1000000
622400 1000000
622600 1000000
622800 1000000
623000 1000000
623200 1000000
623400 1000000
623600 1000000
623800 1000000
624000 1000000
624200 1000000
624400 1000000
624600 1000000
624800 1000000
625000 1000000
625200 1000000
625400 1000000
625600 1000000
625800 1000000
626000 1000000
626200 1000000
626400 1000000
626600 1000000
626800 1000000
627000 1000000
627200 1000000
627400 1000000
627600 1000000
627800 1000000
628000 1000000
628200 1000000
628400 1000000
628600 1000000
628800 1000000
629000 1000000
629200 1000000
629400 1000000
629600 1000000
629800 1000000
630000 1000000
630200 1000000
630400 1000000
630600 1000000
630800 1000000
631000 1000000
631200 1000000
631400 1000000
631600 1000000
631800 1000000
632000 1000000
632200 1000000
632400 1000000
632600 1000000
632800 1000000
633000 1000000
633200 1000000
633400 1000000
633600 1000000
633800 1000000
634000 1000000
634200 1000000
634400 1000000
634600 1000000
634800 1000000
635000 1000000
635200 1000000
635400 1000000
635600 1000000
635800 1000000
636000 1000000
636200 1000000
636400 1000000
636600 1000000
636800 1000000
637000 1000000
637200 1000000
637400 1000000
637600 1000000
637800 1000000
638000 1000000
638200 1000000
638400 1000000
638600 1000000
638800 1000000
639000 1000000
639200 1000000
639400 1000000
639600 1000000
639800 1000000
640000 1000000
640200 1000000
640400 1000000
640600 1000000
640800 1000000
641000 1000000
641200 1000000
641400 1000000
641600 1000000
641800 1000000
642000 1000000
642200 1000000
642400 1000000
642600 1000000
642800 1000000
643000 1000000
643200 1000000
643400 1000000
643600 1000000
643800 1000000
644000 1000000
644200 1000000
644400 1000000
644600 1000000
644800 1000000
645000 1000000
645200 1000000
645400 1000000
645600 1000000
645800 1000000
646000 1000000
646200 1000000
646400 1000000
646600 1000000
646800 1000000
647000 1000000
647200 1000000
647400 1000000
647600 1000000
647800 1000000
648000 1000000
648200 1000000
648400 1000000
648600 1000000
648800 1000000
649000 1000000
649200 1000000
649400 1000000
649600 1000000
649800 1000000
650000 1000000
650200 1000000
650400 1000000
650600 1000000
650800 1000000
651000 1000000
651200 1000000
651400 1000000
651600 1000000
651800 1000000
652000 1000000
652200 1000000
652400 1000000
652600 1000000
652800 1000000
653000 1000000
653200 1000000
653400 1000000
653600 1000000
653800 1000000
654000 1000000
654200 1000000
654400 1000000
654600 1000000
654800 1000000
655000 1000000
655200 1000000
655400 1000000
655600 1000000
655800 1000000
656000 1000000
656200 1000000
656400 1000000
656600 1000000
656800 1000000
657000 1000000
657200 1000000
657400 1000000
657600 1000000
657800 1000000
658000 1000000
658200 1000000
658400 1000000
658600 1000000
658800 1000000
659000 1000000
659200 1000000
659400 1000000
659600 1000000
659800 1000000
660000 1000000
660200 1000000
660400 1000000
660600 1000000
660800 1000000
661000 1000000
661200 1000000
661400 1000000
661600 1000000
661800 1000000
662000 1000000
662200 1000000
662400 1000000
662600 1000000
662800 1000000
663000 1000000
663200 1000000
663400 1000000
663600 1000000
663800 1000000
664000 1000000
664200 1000000
664400 1000000
664600 1000000
664800 1000000
665000 1000000
665200 1000000
665400 1000000
665600 1000000
665800 1000000
666000 1000000
666200 1000000
666400 1000000
666600 1000000
666800 1000000
667000 1000000
667200 1000000
667400 1000000
667600 1000000
667800 1000000
668000 1000000
668200 1000000
668400 1000000
668600 1000000
668800 1000000
669000 1000000
669200 1000000
669400 1000000
669600 1000000
669800 1000000
670000 1000000
670200 1000000
670400 1000000
670600 1000000
670800 1000000
671000 1000000
671200 1000000
671400 1000000
671600 1000000
671800 1000000
672000 1000000
672200 1000000
672400 1000000
672600 1000000
672800 1000000
673000 1000000
673200 1000000
673400 1000000
673600 1000000
673800 1000000
674000 1000000
674200 1000000
674400 1000000
674600 1000000
674800 1000000
675000 1000000
675200 1000000
675400 1000000
675600 1000000
675800 1000000
676000 1000000
676200 1000000
676400 1000000
676600 1000000
676800 1000000
677000 1000000
677200 1000000
677400 1000000
677600 1000000
677800 1000000
678000 1000000
678200 1000000
678400 1000000
678600 1000000
678800 1000000
679000 1000000
679200 1000000
679400 1000000
679600 1000000
679800 1000000
680000 1000000
680200 1000000
680400 1000000
680600 1000000
680800 1000000
681000 1000000
681200 1000000
681400 1000000
681600 1000000
681800 1000000
682000 1000000
682200 1000000
682400 1000000
682600 1000000
682800 1000000
683000 1000000
683200 1000000
683400 1000000
683600 1000000
683800 1000000
684000 1000000
684200 1000000
684400 1000000
684600 1000000
684800 1000000
685000 1000000
685200 1000000
685400 1000000
685600 1000000
685800 1000000
686000 1000000
686200 1000000
686400 1000000
686600 1000000
686800 1000000
687000 1000000
687200 1000000
687400 1000000
687600 1000000
687800 1000000
688000 1000000
688200 1000000
688400 1000000
688600 1000000
688800 1000000
689000 1000000
689200 1000000
689400 1000000
689600 1000000
689800 1000000
690000 1000000
690200 1000000
690400 1000000
690600 1000000
690800 1000000
691000 1000000
691200 1000000
691400 1000000
691600 1000000
691800 1000000
692000 1000000
692200 1000000
692400 1000000
692600 1000000
692800 1000000
693000 1000000
693200 1000000
693400 1000000
693600 1000000
693800 1000000
694000 1000000
694200 1000000
694400 1000000
694600 1000000
694800 1000000
695000 1000000
695200 1000000
695400 1000000
695600 1000000
695800 1000000
696000 1000000
696200 1000000
696400 1000000
696600 1000000
696800 1000000
697000 1000000
697200 1000000
697400 1000000
697600 1000000
697800 1000000
698000 1000000
698200 1000000
698400 1000000
698600 1000000
698800 1000000
699000 1000000
699200 1000000
699400 1000000
699600 1000000
699800 1000000
700000 1000000
700200 1000000
700400 1000000
700600 1000000
700800 1000000
701000 1000000
701200 1000000
701400 1000000
701600 1000000
701800 1000000
702000 1000000
702200 1000000
702400 1000000
702600 1000000
702800 1000000
703000 1000000
703200 1000000
703400 1000000
703600 1000000
703800 1000000
704000 1000000
704200 1000000
704400 1000000
704600 1000000
704800 1000000
705000 1000000
705200 1000000
705400 1000000
705600 1000000
705800 1000000
706000 1000000
706200 1000000
706400 1000000
706600 1000000
706800 1000000
707000 1000000
707200 1000000
707400 1000000
707600 1000000
707800 1000000
708000 1000000
708200 1000000
708400 1000000
708600 1000000
708800 1000000
709000 1000000
709200 1000000
709400 1000000
709600 1000000
709800 1000000
710000 1000000
710200 1000000
710400 1000000
710600 1000000
710800 1000000
711000 1000000
711200 1000000
711400 1000000
711600 1000000
711800 1000000
712000 1000000
712200 1000000
712400 1000000
712600 1000000
712800 1000000
713000 1000000
713200 1000000
713400 1000000
713600 1000000
713800 1000000
714000 1000000
714200 1000000
714400 1000000
714600 1000000
714800 1000000
715000 1000000
715200 1000000
715400 1000000
715600 1000000
715800 1000000
716000 1000000
716200 1000000
716400 1000000
716600 1000000
716800 1000000
717000 1000000
717200 1000000
717400 1000000
717600 1000000
717800 1000000
718000 1000000
718200 1000000
718400 1000000
718600 1000000
718800 1000000
719000 1000000
719200 1000000
719400 1000000
719600 1000000
719800 1000000
720000 1000000
720200 1000000
720400 1000000
720600 1000000
720800 1000000
721000 1000000
721200 1000000
721400 1000000
721600 1000000
721800 1000000
722000 1000000
722200 1000000
722400 1000000
722600 1000000
722800 1000000
723000 1000000
723200 1000000
723400 1000000
723600 1000000
723800 1000000
724000 1000000
724200 1000000
724400 1000000
724600 1000000
724800 1000000
725000 1000000
725200 1000000
725400 1000000
725600 1000000
725800 1000000
726000 1000000
726200 1000000
726400 1000000
726600 1000000
726800 1000000
727000 1000000
727200 1000000
727400 1000000
727600 1000000
727800 1000000
728000 1000000
728200 1000000
728400 1000000
728600 1000000
728800 1000000
729000 1000000
729200 1000000
729400 1000000
729600 1000000
729800 1000000
730000 1000000
730200 1000000
730400 1000000
730600 1000000
730800 1000000
731000 1000000
731200 1000000
731400 1000000
731600 1000000
731800 1000000
732000 1000000
732200 1000000
732400 1000000
732600 1000000
732800 1000000
733000 1000000
733200 1000000
733400 1000000
733600 1000000
733800 1000000
734000 1000000
734200 1000000
734400 1000000
734600 1000000
734800 1000000
735000 1000000
735200 1000000
735400 1000000
735600 1000000
735800 1000000
736000 1000000
736200 1000000
736400 1000000
736600 1000000
736800 1000000
737000 1000000
737200 1000000
737400 1000000
737600 1000000
737800 1000000
738000 1000000
738200 1000000
738400 1000000
738600 1000000
738800 1000000
739000 1000000
739200 1000000
739400 1000000
739600 1000000
739800 1000000
740000 1000000
740200 1000000
740400 1000000
740600 1000000
740800 1000000
741000 1000000
741200 1000000
741400 1000000
741600 1000000
741800 1000000
742000 1000000
742200 1000000
742400 1000000
742600 1000000
742800 1000000
743000 1000000
743200 1000000
743400 1000000
743600 1000000
743800 1000000
744000 1000000
744200 1000000
744400 1000000
744600 1000000
744800 1000000
745000 1000000
745200 1000000
745400 1000000
745600 1000000
745800 1000000
746000 1000000
746200 1000000
746400 1000000
746600 1000000
746800 1000000
747000 1000000
747200 1000000
747400 1000000
747600 1000000
747800 1000000
748000 1000000
748200 1000000
748400 1000000
748600 1000000
748800 1000000
749000 1000000
749200 1000000
749400 1000000
749600 1000000
749800 1000000
750000 1000000
750200 1000000
750400 1000000
750600 1000000
750800 1000000
751000 1000000
751200 1000000
751400 1000000
751600 1000000
751800 1000000
752000 1000000
752200 1000000
752400 1000000
752600 1000000
752800 1000000
753000 1000000
753200 1000000
753400 1000000
753600 1000000
753800 1000000
754000 1000000
754200 1000000
754400 1000000
754600 1000000
754800 1000000
755000 1000000
755200 1000000
755400 1000000
755600 1000000
755800 1000000
756000 1000000
756200 1000000
756400 1000000
756600 1000000
756800 1000000
757000 1000000
757200 1000000
757400 1000000
757600 1000000
757800 1000000
758000 1000000
758200 1000000
758400 1000000
758600 1000000
758800 1000000
759000 1000000
759200 1000000
759400 1000000
759600 1000000
759800 1000000
760000 1000000
760200 1000000
760400 1000000
760600 1000000
760800 1000000
761000 1000000
761200 1000000
761400 1000000
761600 1000000
761800 1000000
762000 1000000
762200 1000000
762400 1000000
762600 1000000
762800 1000000
763000 1000000
763200 1000000
763400 1000000
763600 1000000
763800 1000000
764000 1000000
764200 1000000
764400 1000000
764600 1000000
764800 1000000
765000 1000000
765200 1000000
765400 1000000
765600 1000000
765800 1000000
766000 1000000
766200 1000000
766400 1000000
766600 1000000
766800 1000000
767000 1000000
767200 1000000
767400 1000000
767600 1000000
767800 1000000
768000 1000000
768200 1000000
768400 1000000
768600 1000000
768800 1000000
769000 1000000
769200 1000000
769400 1000000
769600 1000000
769800 1000000
770000 1000000
770200 1000000
770400 1000000
770600 1000000
770800 1000000
771000 1000000
771200 1000000
771400 1000000
771600 1000000
771800 1000000
772000 1000000
772200 1000000
772400 1000000
772600 1000000
772800 1000000
773000 1000000
773200 1000000
773400 1000000
773600 1000000
773800 1000000
774000 1000000
774200 1000000
774400 1000000
774600 1000000
774800 1000000
775000 1000000
775200 1000000
775400 1000000
775600 1000000
775800 1000000
776000 1000000
776200 1000000
776400 1000000
776600 1000000
776800 1000000
777000 1000000
777200 1000000
777400 1000000
777600 1000000
777800 1000000
778000 1000000
778200 1000000
778400 1000000
778600 1000000
778800 1000000
779000 1000000
779200 1000000
779400 1000000
779600 1000000
779800 1000000
780000 1000000
780200 1000000
780400 1000000
780600 1000000
780800 1000000
781000 1000000
781200 1000000
781400 1000000
781600 1000000
781800 1000000
782000 1000000
782200 1000000
782400 1000000
782600 1000000
782800 1000000
783000 1000000
783200 1000000
783400 1000000
783600 1000000
783800 1000000
784000 1000000
784200 1000000
784400 1000000
784600 1000000
784800 1000000
785000 1000000
785200 1000000
785400 1000000
785600 1000000
785800 1000000
786000 1000000
786200 1000000
786400 1000000
786600 1000000
786800 1000000
787000 1000000
787200 1000000
787400 1000000
787600 1000000
787800 1000000
788000 1000000
788200 1000000
788400 1000000
788600 1000000
788800 1000000
789000 1000000
789200 1000000
789400 1000000
789600 1000000
789800 1000000
790000 1000000
790200 1000000
790400 1000000
790600 1000000
790800 1000000
791000 1000000
791200 1000000
791400 1000000
791600 1000000
791800 1000000
792000 1000000
792200 1000000
792400 1000000
792600 1000000
792800 1000000
793000 1000000
793200 1000000
793400 1000000
793600 1000000
793800 1000000
794000 1000000
794200 1000000
794400 1000000
794600 1000000
794800 1000000
795000 1000000
795200 1000000
795400 1000000
795600 1000000
795800 1000000
796000 1000000
796200 1000000
796400 1000000
796600 1000000
796800 1000000
797000 1000000
797200 1000000
797400 1000000
797600 1000000
797800 1000000
798000 1000000
798200 1000000
798400 1000000
798600 1000000
798800 1000000
799000 1000000
799200 1000000
799400 1000000
799600 1000000
799800 1000000
800000 1000000
800200 1000000
800400 1000000
800600 1000000
800800 1000000
801000 1000000
801200 1000000
801400 1000000
801600 1000000
801800 1000000
802000 1000000
802200 1000000
802400 1000000
802600 1000000
802800 1000000
803000 1000000
803200 1000000
803400 1000000
803600 1000000
803800 1000000
804000 1000000
804200 1000000
804400 1000000
804600 1000000
804800 1000000
805000 1000000
805200 1000000
805400 1000000
805600 1000000
805800 1000000
806000 1000000
806200 1000000
806400 1000000
806600 1000000
806800 1000000
807000 1000000
807200 1000000
807400 1000000
807600 1000000
807800 1000000
808000 1000000
808200 1000000
808400 1000000
808600 1000000
808800 1000000
809000 1000000
809200 1000000
809400 1000000
809600 1000000
809800 1000000
810000 1000000
810200 1000000
810400 1000000
810600 1000000
810800 1000000
811000 1000000
811200 1000000
811400 1000000
811600 1000000
811800 1000000
812000 1000000
812200 1000000
812400 1000000
812600 1000000
812800 1000000
813000 1000000
813200 1000000
813400 1000000
813600 1000000
813800 1000000
814000 1000000
814200 1000000
814400 1000000
814600 1000000
814800 1000000
815000 1000000
815200 1000000
815400 1000000
815600 1000000
815800 1000000
816000 1000000
816200 1000000
816400 1000000
816600 1000000
816800 1000000
817000 1000000
817200 1000000
817400 1000000
817600 1000000
817800 1000000
818000 1000000
818200 1000000
818400 1000000
818600 1000000
818800 1000000
819000 1000000
819200 1000000
819400 1000000
819600 1000000
819800 1000000
820000 1000000
820200 1000000
820400 1000000
820600 1000000
820800 1000000
821000 1000000
821200 1000000
821400 1000000
821600 1000000
821800 1000000
822000 1000000
822200 1000000
822400 1000000
822600 1000000
822800 1000000
823000 1000000
823200 1000000
823400 1000000
823600 1000000
823800 1000000
824000 1000000
824200 1000000
824400 1000000
824600 1000000
824800 1000000
825000 1000000
825200 1000000
825400 1000000
825600 1000000
825800 1000000
826000 1000000
826200 1000000
826400 1000000
826600 1000000
826800 1000000
827000 1000000
827200 1000000
827400 1000000
827600 1000000
827800 1000000
828000 1000000
828200 1000000
828400 1000000
828600 1000000
828800 1000000
829000 1000000
829200 1000000
829400 1000000
829600 1000000
829800 1000000
830000 1000000
830200 1000000
830400 1000000
830600 1000000
830800 1000000
831000 1000000
831200 1000000
831400 1000000
831600 1000000
831800 1000000
832000 1000000
832200 1000000
832400 1000000
832600 1000000
832800 1000000
833000 1000000
833200 1000000
833400 1000000
833600 1000000
833800 1000000
834000 1000000
834200 1000000
834400 1000000
834600 1000000
834800 1000000
835000 1000000
835200 1000000
835400 1000000
835600 1000000
835800 1000000
836000 1000000
836200 1000000
836400 1000000
836600 1000000
836800 1000000
837000 1000000
837200 1000000
837400 1000000
837600 1000000
837800 1000000
838000 1000000
838200 1000000
838400 1000000
838600 1000000
838800 1000000
839000 1000000
839200 1000000
839400 1000000
839600 1000000
839800 1000000
840000 1000000
840200 1000000
840400 1000000
840600 1000000
840800 1000000
841000 1000000
841200 1000000
841400 1000000
841600 1000000
841800 1000000
842000 1000000
842200 1000000
842400 1000000
842600 1000000
842800 1000000
843000 1000000
843200 1000000
843400 1000000
843600 1000000
843800 1000000
844000 1000000
844200 1000000
844400 1000000
844600 1000000
844800 1000000
845000 1000000
845200 1000000
845400 1000000
845600 1000000
845800 1000000
846000 1000000
846200 1000000
846400 1000000
846600 1000000
846800 1000000
847000 1000000
847200 1000000
847400 1000000
847600 1000000
847800 1000000
848000 1000000
848200 1000000
848400 1000000
848600 1000000
848800 1000000
849000 1000000
849200 1000000
849400 1000000
849600 1000000
849800 1000000
850000 1000000
850200 1000000
850400 1000000
850600 1000000
850800 1000000
851000 1000000
851200 1000000
851400 1000000
851600 1000000
851800 1000000
852000 1000000
852200 1000000
852400 1000000
852600 1000000
852800 1000000
853000 1000000
853200 1000000
853400 1000000
853600 1000000
853800 1000000
854000 1000000
854200 1000000
854400 1000000
854600 1000000
854800 1000000
855000 1000000
855200 1000000
855400 1000000
855600 1000000
855800 1000000
856000 1000000
856200 1000000
856400 1000000
856600 1000000
856800 1000000
857000 1000000
857200 1000000
857400 1000000
857600 1000000
857800 1000000
858000 1000000
858200 1000000
858400 1000000
858600 1000000
858800 1000000
859000 1000000
859200 1000000
859400 1000000
859600 1000000
859800 1000000
860000 1000000
860200 1000000
860400 1000000
860600 1000000
860800 1000000
861000 1000000
861200 1000000
861400 1000000
861600 1000000
861800 1000000
862000 1000000
862200 1000000
862400 1000000
862600 1000000
862800 1000000
863000 1000000
863200 1000000
863400 1000000
863600 1000000
863800 1000000
864000 1000000
864200 1000000
864400 1000000
864600 1000000
864800 1000000
865000 1000000
865200 1000000
865400 1000000
865600 1000000
865800 1000000
866000 1000000
866200 1000000
866400 1000000
866600 1000000
866800 1000000
867000 1000000
867200 1000000
867400 1000000
867600 1000000
867800 1000000
868000 1000000
868200 1000000
868400 1000000
868600 1000000
868800 1000000
869000 1000000
869200 1000000
869400 1000000
869600 1000000
869800 1000000
870000 1000000
870200 1000000
870400 1000000
870600 1000000
870800 1000000
871000 1000000
871200 1000000
871400 1000000
871600 1000000
871800 1000000
872000 1000000
872200 1000000
872400 1000000
872600 1000000
872800 1000000
873000 1000000
873200 1000000
873400 1000000
873600 1000000
873800 1000000
874000 1000000
874200 1000000
874400 1000000
874600 1000000
874800 1000000
875000 1000000
875200 1000000
875400 1000000
875600 1000000
875800 1000000
876000 1000000
876200 1000000
876400 1000000
876600 1000000
876800 1000000
877000 1000000
877200 1000000
877400 1000000
877600 1000000
877800 1000000
878000 1000000
878200 1000000
878400 1000000
878600 1000000
878800 1000000
879000 1000000
879200 1000000
879400 1000000
879600 1000000
879800 1000000
880000 1000000
880200 1000000
880400 1000000
880600 1000000
880800 1000000
881000 1000000
881200 1000000
881400 1000000
881600 1000000
881800 1000000
882000 1000000
882200 1000000
882400 1000000
882600 1000000
882800 1000000
883000 1000000
883200 1000000
883400 1000000
883600 1000000
883800 1000000
884000 1000000
884200 1000000
884400 1000000
884600 1000000
884800 1000000
885000 1000000
885200 1000000
885400 1000000
885600 1000000
885800 1000000
886000 1000000
886200 1000000
886400 1000000
886600 1000000
886800 1000000
887000 1000000
887200 1000000
887400 1000000
887600 1000000
887800 1000000
888000 1000000
888200 1000000
888400 1000000
888600 1000000
888800 1000000
889000 1000000
889200 1000000
889400 1000000
889600 1000000
889800 1000000
890000 1000000
890200 1000000
890400 1000000
890600 1000000
890800 1000000
891000 1000000
891200 1000000
891400 1000000
891600 1000000
891800 1000000
892000 1000000
892200 1000000
892400 1000000
892600 1000000
892800 1000000
893000 1000000
893200 1000000
893400 1000000
893600 1000000
893800 1000000
894000 1000000
894200 1000000
894400 1000000
894600 1000000
894800 1000000
895000 1000000
895200 1000000
895400 1000000
895600 1000000
895800 1000000
896000 1000000
896200 1000000
896400 1000000
896600 1000000
896800 1000000
897000 1000000
897200 1000000
897400 1000000
897600 1000000
897800 1000000
898000 1000000
898200 1000000
898400 1000000
898600 1000000
898800 1000000
899000 1000000
899200 1000000
899400 1000000
899600 1000000
899800 1000000
900000 1000000
900200 1000000
900400 1000000
900600 1000000
900800 1000000
901000 1000000
901200 1000000
901400 1000000
901600 1000000
901800 1000000
902000 1000000
902200 1000000
902400 1000000
902600 1000000
902800 1000000
903000 1000000
903200 1000000
903400 1000000
903600 1000000
903800 1000000
904000 1000000
904200 1000000
904400 1000000
904600 1000000
904800 1000000
905000 1000000
905200 1000000
905400 1000000
905600 1000000
905800 1000000
906000 1000000
906200 1000000
906400 1000000
906600 1000000
906800 1000000
907000 1000000
907200 1000000
907400 1000000
907600 1000000
907800 1000000
908000 1000000
908200 1000000
908400 1000000
908600 1000000
908800 1000000
909000 1000000
909200 1000000
909400 1000000
909600 1000000
909800 1000000
910000 1000000
910200 1000000
910400 1000000
910600 1000000
910800 1000000
911000 1000000
911200 1000000
911400 1000000
911600 1000000
911800 1000000
912000 1000000
912200 1000000
912400 1000000
912600 1000000
912800 1000000
913000 1000000
913200 1000000
913400 1000000
913600 1000000
913800 1000000
914000 1000000
914200 1000000
914400 1000000
914600 1000000
914800 1000000
915000 1000000
915200 1000000
915400 1000000
915600 1000000
915800 1000000
916000 1000000
916200 1000000
916400 1000000
916600 1000000
916800 1000000
917000 1000000
917200 1000000
917400 1000000
917600 1000000
917800 1000000
918000 1000000
918200 1000000
918400 1000000
918600 1000000
918800 1000000
919000 1000000
919200 1000000
919400 1000000
919600 1000000
919800 1000000
920000 1000000
920200 1000000
920400 1000000
920600 1000000
920800 1000000
921000 1000000
921200 1000000
921400 1000000
921600 1000000
921800 1000000
922000 1000000
922200 1000000
922400 1000000
922600 1000000
922800 1000000
923000 1000000
923200 1000000
923400 1000000
923600 1000000
923800 1000000
924000 1000000
924200 1000000
924400 1000000
924600 1000000
924800 1000000
925000 1000000
925200 1000000
925400 1000000
925600 1000000
925800 1000000
926000 1000000
926200 1000000
926400 1000000
926600 1000000
926800 1000000
927000 1000000
927200 1000000
927400 1000000
927600 1000000
927800 1000000
928000 1000000
928200 1000000
928400 1000000
928600 1000000
928800 1000000
929000 1000000
929200 1000000
929400 1000000
929600 1000000
929800 1000000
930000 1000000
930200 1000000
930400 1000000
930600 1000000
930800 1000000
931000 1000000
931200 1000000
931400 1000000
931600 1000000
931800 1000000
932000 1000000
932200 1000000
932400 1000000
932600 1000000
932800 1000000
933000 1000000
933200 1000000
933400 1000000
933600 1000000
933800 1000000
934000 1000000
934200 1000000
934400 1000000
934600 1000000
934800 1000000
935000 1000000
935200 1000000
935400 1000000
935600 1000000
935800 1000000
936000 1000000
936200 1000000
936400 1000000
936600 1000000
936800 1000000
937000 1000000
937200 1000000
937400 1000000
937600 1000000
937800 1000000
938000 1000000
938200 1000000
938400 1000000
938600 1000000
938800 1000000
939000 1000000
939200 1000000
939400 1000000
939600 1000000
939800 1000000
940000 1000000
940200 1000000
940400 1000000
940600 1000000
940800 1000000
941000 1000000
941200 1000000
941400 1000000
941600 1000000
941800 1000000
942000 1000000
942200 1000000
942400 1000000
942600 1000000
942800 1000000
943000 1000000
943200 1000000
943400 1000000
943600 1000000
943800 1000000
944000 1000000
944200 1000000
944400 1000000
944600 1000000
944800 1000000
945000 1000000
945200 1000000
945400 1000000
945600 1000000
945800 1000000
946000 1000000
946200 1000000
946400 1000000
946600 1000000
946800 1000000
947000 1000000
947200 1000000
947400 1000000
947600 1000000
947800 1000000
948000 1000000
948200 1000000
948400 1000000
948600 1000000
948800 1000000
949000 1000000
949200 1000000
949400 1000000
949600 1000000
949800 1000000
950000 1000000
950200 1000000
950400 1000000
950600 1000000
950800 1000000
951000 1000000
951200 1000000
951400 1000000
951600 1000000
951800 1000000
952000 1000000
952200 1000000
952400 1000000
952600 1000000
952800 1000000
953000 1000000
953200 1000000
953400 1000000
953600 1000000
953800 1000000
954000 1000000
954200 1000000
954400 1000000
954600 1000000
954800 1000000
955000 1000000
955200 1000000
955400 1000000
955600 1000000
955800 1000000
956000 1000000
956200 1000000
956400 1000000
956600 1000000
956800 1000000
957000 1000000
957200 1000000
957400 1000000
957600 1000000
957800 1000000
958000 1000000
958200 1000000
958400 1000000
958600 1000000
958800 1000000
959000 1000000
959200 1000000
959400 1000000
959600 1000000
959800 1000000
960000 1000000
960200 1000000
960400 1000000
960600 1000000
960800 1000000
961000 1000000
961200 1000000
961400 1000000
961600 1000000
961800 1000000
962000 1000000
962200 1000000
962400 1000000
962600 1000000
962800 1000000
963000 1000000
963200 1000000
963400 1000000
963600 1000000
963800 1000000
964000 1000000
964200 1000000
964400 1000000
964600 1000000
964800 1000000
965000 1000000
965200 1000000
965400 1000000
965600 1000000
965800 1000000
966000 1000000
966200 1000000
966400 1000000
966600 1000000
966800 1000000
967000 1000000
967200 1000000
967400 1000000
967600 1000000
967800 1000000
968000 1000000
968200 1000000
968400 1000000
968600 1000000
968800 1000000
969000 1000000
969200 1000000
969400 1000000
969600 1000000
969800 1000000
970000 1000000
970200 1000000
970400 1000000
970600 1000000
970800 1000000
971000 1000000
971200 1000000
971400 1000000
971600 1000000
971800 1000000
972000 1000000
972200 1000000
972400 1000000
972600 1000000
972800 1000000
973000 1000000
973200 1000000
973400 1000000
973600 1000000
973800 1000000
974000 1000000
974200 1000000
974400 1000000
974600 1000000
974800 1000000
975000 1000000
975200 1000000
975400 1000000
975600 1000000
975800 1000000
976000 1000000
976200 1000000
976400 1000000
976600 1000000
976800 1000000
977000 1000000
977200 1000000
977400 1000000
977600 1000000
977800 1000000
978000 1000000
978200 1000000
978400 1000000
978600 1000000
978800 1000000
979000 1000000
979200 1000000
979400 1000000
979600 1000000
979800 1000000
980000 1000000
980200 1000000
980400 1000000
980600 1000000
980800 1000000
981000 1000000
981200 1000000
981400 1000000
981600 1000000
981800 1000000
982000 1000000
982200 1000000
982400 1000000
982600 1000000
982800 1000000
983000 1000000
983200 1000000
983400 1000000
983600 1000000
983800 1000000
984000 1000000
984200 1000000
984400 1000000
984600 1000000
984800 1000000
985000 1000000
985200 1000000
985400 1000000
985600 1000000
985800 1000000
986000 1000000
986200 1000000
986400 1000000
986600 1000000
986800 1000000
987000 1000000
987200 1000000
987400 1000000
987600 1000000
987800 1000000
988000 1000000
988200 1000000
988400 1000000
988600 1000000
988800 1000000
989000 1000000
989200 1000000
989400 1000000
989600 1000000
989800 1000000
990000 1000000
990200 1000000
990400 1000000
990600 1000000
990800 1000000
991000 1000000
991200 1000000
991400 1000000
991600 1000000
991800 1000000
992000 1000000
992200 1000000
992400 1000000
992600 1000000
992800 1000000
993000 1000000
993200 1000000
993400 1000000
993600 1000000
993800 1000000
994000 1000000
994200 1000000
994400 1000000
994600 1000000
994800 1000000
995000 1000000
995200 1000000
995400 1000000
995600 1000000
995800 1000000
996000 1000000
996200 1000000
996400 1000000
996600 1000000
996800 1000000
997000 1000000
997200 1000000
997400 1000000
997600 1000000
997800 1000000
998000 1000000
998200 1000000
998400 1000000
998600 1000000
998800 1000000
999000 1000000
999200 1000000
999400 1000000
999600 1000000
999800 1000000
