3 2 4 32 15 25 26 34 39 46 10 7 13 31 28 36 18 21 19 30 22 27 6 8 29 14 9 11 44 16 45 41 17 5 23 33 35 12 42 43 1 20 24 37 40 38
67 3 53 56 48 33 30 12 25 46 38 19 40 15 18 39 49 57 65 20 22 52 2 10 5 11 58 41 44 37 47 45 62 21 24 60 7 59 9 31 51 34 29 32 50 1 6 27 8 35 64 26 55 23 4 61 63 14 42 36 16 68 17 54 13 28 66 43
60 54 18 4 64 56 9 26 20 72 5 19 27 62 31 58 7 51 46 76 22 67 77 52 15 13 45 70 17 42 49 55 37 63 39 21 16 69 53 41 12 57 8 71 73 23 65 33 10 14 38 34 47 74 29 35 66 24 61 43 30 2 36 11 48 75 1 25 28 6 50 44 40 68 32 59 3
71 47 78 64 36 60 38 13 58 1 17 11 76 55 37 69 4 81 24 83 30 35 18 23 70 21 51 10 77 34 16 6 82 52 44 50 5 45 41 15 39 61 43 74 48 66 29 25 79 8 57 80 7 42 3 85 32 12 14 63 26 40 22 84 73 46 62 49 72 53 31 28 75 27 2 56 19 9 33 59 67 54 20 65 68
28 9 73 61 13 25 44 84 17 30 72 86 71 33 43 12 16 87 42 48 58 20 3 14 75 88 32 54 10 18 82 65 55 53 78 36 5 26 77 67 66 21 22 89 41 8 39 63 4 23 80 27 79 2 38 15 91 40 56 29 60 46 85 19 47 83 74 11 90 49 76 68 24 69 7 6 45 1 52 57 35 34 51 50 59 31 81 62 64 37 70
7 4 1 8 6 5 3 2
11 23 12 16 28 15 1 21 27 10 14 8 3 4 2 25 7 13 9 26 19 22 18 20 17 24 6 5
1 6 7 8 9 10 4 12 11 3 13 5 2
22 7 25 27 20 31 32 29 16 30 10 21 4 5 15 23 8 17 9 6 19 1 13 26 2 24 14 3 18 11 12 28
1 9 24 19 38 43 44 47 65 68 80 34 71 27 46 30 22 45 35 49 64 67 57 7 59 33 89 83 18 4 31 90 50 16 72 40 77 78 82 8 37 76 62 32 11 69 85 2 48 81 39 6 25 17 41 3 75 5 10 93 88 79 73 56 74 61 54 28 51 14 92 13 70 26 60 29 15 23 87 66 42 63 12 53 21 86 36 52 58 91 84 55 20
