5 8 7 12 1 2 6 10 3 13 11 14 4 9
36 8 28 53 27 51 29 6 12 54 41 9 52 48 5 13 30 49 11 2 7 50 20 25 24 18 1 10 40 34 15 46 38 19 16 32 44 43 39 22 45 21 3 42 14 17 33 55 47 56 31 35 37 26 4 23
30 74 25 78 12 70 5 59 29 26 33 11 67 47 32 77 51 31 60 68 37 62 55 71 72 61 27 48 23 53 22 7 75 46 24 2 54 57 35 13 65 14 6 56 36 1 41 21 10 43 8 52 20 34 4 42 19 28 79 58 49 3 18 17 63 38 64 50 44 9 66 15 73 69 45 39 40 76 16
15 14 45 35 30 29 36 12 27 39 4 37 34 28 33 43 31 25 5 11 9 2 46 21 16 22 6 13 8 1 32 47 48 44 17 24 40 20 42 3 26 18 38 10 23 7 19 41
10 8 2 6 1 7 11 17 12 18 16 5 3 4 9 13 15 14
4 12 9 7 11 5 3 2 10 17 6 14 16 18 1 13 8 15
22 6 14 59 56 45 33 2 64 66 63 37 49 50 27 44 58 19 1 31 51 52 62 3 65 29 39 20 57 13 28 41 47 53 15 54 18 32 60 43 5 25 9 38 40 10 23 36 26 35 61 12 16 7 48 42 46 55 8 17 21 4 24 11 34 67 30
7 3 6 2 11 4 9 8 5 12 1 10
15 24 82 4 48 78 70 11 27 90 16 22 36 83 60 63 5 12 53 2 18 29 66 59 74 67 57 8 64 50 10 51 55 84 14 54 61 87 23 19 62 6 71 89 33 34 65 38 13 35 21 30 49 85 52 25 72 77 68 39 58 9 45 17 75 7 42 20 40 37 80 79 32 76 86 43 3 69 88 41 31 56 46 28 81 44 1 73 47 26
24 13 5 4 26 6 10 18 8 9 16 21 19 25 11 14 1 12 3 23 2 20 22 15 7 17
