1 0000000

1 0000001
2 0000011
3 0000101
4 0001110
5 0010000
6 0110110
7 1010001
8 1101101
9 1010000
10 0110101
11 0010101
12 0000000
13 0010101
14 0110101
15 1010000
16 1101101
17 1010001
18 0110110
19 0010000
20 0001110
21 0000101
22 0000011
23 0000001
24 0000000

1 0000010
2 0000111
3 0001000
4 0011011
5 0101000
6 1110111
7 0001010
8 1101100
9 0001000
10 1110000
11 0100000
12 0000000
13 0100000
14 1110000
15 0001000
16 1101100
17 0001010
18 1110111
19 0101000
20 0011011
21 0001000
22 0000111
23 0000010
24 0000000

1 0000011
2 0000100
3 0001101
4 0010101
5 0111000
6 1000001
7 1011011
8 0000001
9 1011000
10 1000101
11 0110101
12 0000000
13 0110101
14 1000101
15 1011000
16 0000001
17 1011011
18 1000001
19 0111000
20 0010101
21 0001101
22 0000100
23 0000011
24 0000000

1 0000100
2 0001110
3 0010001
4 0110101
5 1010100
6 1100011
7 1000000
8 0000011
9 1000100
10 1101101
11 1000101
12 0000000
13 1000101
14 1101101
15 1000100
16 0000011
17 1000000
18 1100011
19 1010100
20 0110101
21 0010001
22 0001110
23 0000100
24 0000000

1 0000101
2 0001101
3 0010100
4 0111011
5 1000100
6 1010101
7 0010001
8 1101110
9 0010100
10 1011000
11 1010000
12 0000000
13 1010000
14 1011000
15 0010100
16 1101110
17 0010001
18 1010101
19 1000100
20 0111011
21 0010100
22 0001101
23 0000101
24 0000000

1 0000110
2 0001001
3 0011001
4 0101110
5 1111100
6 0010100
7 1001010
8 1101111
9 1001100
10 0011101
11 1100101
12 0000000
13 1100101
14 0011101
15 1001100
16 1101111
17 1001010
18 0010100
19 1111100
20 0101110
21 0011001
22 0001001
23 0000110
24 0000000

1 0000111
2 0001010
3 0011100
4 0100000
5 1101100
6 0100010
7 0011011
8 0000010
9 0011100
10 0101000
11 1110000
12 0000000
13 1110000
14 0101000
15 0011100
16 0000010
17 0011011
18 0100010
19 1101100
20 0100000
21 0011100
22 0001010
23 0000111
24 0000000

1 0001000
2 0011100
3 0100010
4 1101011
5 0101010
6 0000000
7 0101010
8 1101011
9 0100010
10 0011100
11 0001000
12 0000000

1 0001001
2 0011111
3 0100111
4 1100101
5 0111010
6 0110110
7 1111011
8 0000110
9 1110010
10 0101001
11 0011101
12 0000000
13 0011101
14 0101001
15 1110010
16 0000110
17 1111011
18 0110110
19 0111010
20 1100101
21 0100111
22 0011111
23 0001001
24 0000000

1 0001010
2 0011011
3 0101010
4 1110000
5 0000010
6 1110111
7 0100000
8 0000111
9 0101010
10 1101100
11 0101000
12 0000000
13 0101000
14 1101100
15 0101010
16 0000111
17 0100000
18 1110111
19 0000010
20 1110000
21 0101010
22 0011011
23 0001010
24 0000000

1 0001011
2 0011000
3 0101111
4 1111110
5 0010010
6 1000001
7 1110001
8 1101010
9 1111010
10 1011001
11 0111101
12 0000000
13 0111101
14 1011001
15 1111010
16 1101010
17 1110001
18 1000001
19 0010010
20 1111110
21 0101111
22 0011000
23 0001011
24 0000000

1 0001100
2 0010010
3 0110011
4 1011110
5 1111110
6 1100011
7 1101010
8 1101000
9 1100110
10 1110001
11 1001101
12 0000000
13 1001101
14 1110001
15 1100110
16 1101000
17 1101010
18 1100011
19 1111110
20 1011110
21 0110011
22 0010010
23 0001100
24 0000000

1 0001101
2 0010001
3 0110110
4 1010000
5 1101110
6 1010101
7 0111011
8 0000101
9 0110110
10 1000100
11 1011000
12 0000000
13 1011000
14 1000100
15 0110110
16 0000101
17 0111011
18 1010101
19 1101110
20 1010000
21 0110110
22 0010001
23 0001101
24 0000000

1 0001110
2 0010101
3 0111011
4 1000101
5 1010110
6 0010100
7 1100000
8 0000100
9 1101110
10 0000001
11 1101101
12 0000000
13 1101101
14 0000001
15 1101110
16 0000100
17 1100000
18 0010100
19 1010110
20 1000101
21 0111011
22 0010101
23 0001110
24 0000000

1 0001111
2 0010110
3 0111110
4 1001011
5 1000110
6 0100010
7 0110001
8 1101001
9 0111110
10 0110100
11 1111000
12 0000000
13 1111000
14 0110100
15 0111110
16 1101001
17 0110001
18 0100010
19 1000110
20 1001011
21 0111110
22 0010110
23 0001111
24 0000000

1 0010000
2 0111000
3 1000100
4 1010110
5 0010101
6 1100011
7 0000001
8 1100000
9 0010001
10 1011011
11 1010001
12 0000000
13 1010001
14 1011011
15 0010001
16 1100000
17 0000001
18 1100011
19 0010101
20 1010110
21 1000100
22 0111000
23 0010000
24 0000000

1 0010001
2 0111011
3 1000001
4 1011000
5 0000101
6 1010101
7 1010000
8 0001101
9 1000001
10 1101110
11 1000100
12 0000000
13 1000100
14 1101110
15 1000001
16 0001101
17 1010000
18 1010101
19 0000101
20 1011000
21 1000001
22 0111011
23 0010001
24 0000000

1 0010010
2 0111111
3 1001100
4 1001101
5 0111101
6 0010100
7 0001011
8 0001100
9 0011001
10 0101011
11 1110001
12 0000000
13 1110001
14 0101011
15 0011001
16 0001100
17 0001011
18 0010100
19 0111101
20 1001101
21 1001100
22 0111111
23 0010010
24 0000000

1 0010011
2 0111100
3 1001001
4 1000011
5 0101101
6 0100010
7 1011010
8 1100001
9 1001001
10 0011110
11 1100100
12 0000000
13 1100100
14 0011110
15 1001001
16 1100001
17 1011010
18 0100010
19 0101101
20 1000011
21 1001001
22 0111100
23 0010011
24 0000000

1 0010100
2 0110110
3 1010101
4 1100011
5 1000001
6 0000000
7 1000001
8 1100011
9 1010101
10 0110110
11 0010100
12 0000000

1 0010101
2 0110101
3 1010000
4 1101101
5 1010001
6 0110110
7 0010000
8 0001110
9 0000101
10 0000011
11 0000001
12 0000000
13 0000001
14 0000011
15 0000101
16 0001110
17 0010000
18 0110110
19 1010001
20 1101101
21 1010000
22 0110101
23 0010101
24 0000000

1 0010110
2 0110001
3 1011101
4 1111000
5 1101001
6 1110111
7 1001011
8 0001111
9 1011101
10 1000110
11 0110100
12 0000000
13 0110100
14 1000110
15 1011101
16 0001111
17 1001011
18 1110111
19 1101001
20 1111000
21 1011101
22 0110001
23 0010110
24 0000000

1 0010111
2 0110010
3 1011000
4 1110110
5 1111001
6 1000001
7 0011010
8 1100010
9 0001101
10 1110011
11 0100001
12 0000000
13 0100001
14 1110011
15 0001101
16 1100010
17 0011010
18 1000001
19 1111001
20 1110110
21 1011000
22 0110010
23 0010111
24 0000000

1 0011000
2 0100100
3 1100110
4 0111101
5 0111111
6 1100011
7 0101011
8 0001011
9 0110011
10 1000111
11 1011001
12 0000000
13 1011001
14 1000111
15 0110011
16 0001011
17 0101011
18 1100011
19 0111111
20 0111101
21 1100110
22 0100100
23 0011000
24 0000000

1 0011001
2 0100111
3 1100011
4 0110011
5 0101111
6 1010101
7 1111010
8 1100110
9 1100011
10 1110010
11 1001100
12 0000000
13 1001100
14 1110010
15 1100011
16 1100110
17 1111010
18 1010101
19 0101111
20 0110011
21 1100011
22 0100111
23 0011001
24 0000000

1 0011010
2 0100011
3 1101110
4 0100110
5 0010111
6 0010100
7 0100001
8 1100111
9 0111011
10 0110111
11 1111001
12 0000000
13 1111001
14 0110111
15 0111011
16 1100111
17 0100001
18 0010100
19 0010111
20 0100110
21 1101110
22 0100011
23 0011010
24 0000000

1 0011011
2 0100000
3 1101011
4 0101000
5 0000111
6 0100010
7 1110000
8 0001010
9 1101011
10 0000010
11 1101100
12 0000000
13 1101100
14 0000010
15 1101011
16 0001010
17 1110000
18 0100010
19 0000111
20 0101000
21 1101011
22 0100000
23 0011011
24 0000000

1 0011100
2 0101010
3 1110111
4 0001000
5 1101011
6 0000000
7 1101011
8 0001000
9 1110111
10 0101010
11 0011100
12 0000000

1 0011101
2 0101001
3 1110010
4 0000110
5 1111011
6 0110110
7 0111010
8 1100101
9 0100111
10 0011111
11 0001001
12 0000000
13 0001001
14 0011111
15 0100111
16 1100101
17 0111010
18 0110110
19 1111011
20 0000110
21 1110010
22 0101001
23 0011101
24 0000000

1 0011110
2 0101101
3 1111111
4 0010011
5 1000011
6 1110111
7 1100001
8 1100100
9 1111111
10 1011010
11 0111100
12 0000000
13 0111100
14 1011010
15 1111111
16 1100100
17 1100001
18 1110111
19 1000011
20 0010011
21 1111111
22 0101101
23 0011110
24 0000000

1 0011111
2 0101110
3 1111010
4 0011101
5 1010011
6 1000001
7 0110000
8 0001001
9 0101111
10 1101111
11 0101001
12 0000000
13 0101001
14 1101111
15 0101111
16 0001001
17 0110000
18 1000001
19 1010011
20 0011101
21 1111010
22 0101110
23 0011111
24 0000000

1 0100000
2 1110000
3 0001000
4 1101100
5 0001010
6 1110111
7 0101000
8 0011011
9 0001000
10 0000111
11 0000010
12 0000000
13 0000010
14 0000111
15 0001000
16 0011011
17 0101000
18 1110111
19 0001010
20 1101100
21 0001000
22 1110000
23 0100000
24 0000000

1 0100001
2 1110011
3 0001101
4 1100010
5 0011010
6 1000001
7 1111001
8 1110110
9 1011000
10 0110010
11 0010111
12 0000000
13 0010111
14 0110010
15 1011000
16 1110110
17 1111001
18 1000001
19 0011010
20 1100010
21 0001101
22 1110011
23 0100001
24 0000000

1 0100010
2 1110111
3 0000000
4 1110111
5 0100010
6 0000000

1 0100011
2 1110100
3 0000101
4 1111001
5 0110010
6 0110110
7 1110011
8 0011010
9 1010000
10 1000010
11 0110111
12 0000000
13 0110111
14 1000010
15 1010000
16 0011010
17 1110011
18 0110110
19 0110010
20 1111001
21 0000101
22 1110100
23 0100011
24 0000000

1 0100100
2 1111110
3 0011001
4 1011001
5 1011110
6 0010100
7 1101000
8 0011000
9 1001100
10 1101010
11 1000111
12 0000000
13 1000111
14 1101010
15 1001100
16 0011000
17 1101000
18 0010100
19 1011110
20 1011001
21 0011001
22 1111110
23 0100100
24 0000000

1 0100101
2 1111101
3 0011100
4 1010111
5 1001110
6 0100010
7 0111001
8 1110101
9 0011100
10 1011111
11 1010010
12 0000000
13 1010010
14 1011111
15 0011100
16 1110101
17 0111001
18 0100010
19 1001110
20 1010111
21 0011100
22 1111101
23 0100101
24 0000000

1 0100110
2 1111001
3 0010001
4 1000010
5 1110110
6 1100011
7 1100010
8 1110100
9 1000100
10 0011010
11 1100111
12 0000000
13 1100111
14 0011010
15 1000100
16 1110100
17 1100010
18 1100011
19 1110110
20 1000010
21 0010001
22 1111001
23 0100110
24 0000000

1 0100111
2 1111010
3 0010100
4 1001100
5 1100110
6 1010101
7 0110011
8 0011001
9 0010100
10 0101111
11 1110010
12 0000000
13 1110010
14 0101111
15 0010100
16 0011001
17 0110011
18 1010101
19 1100110
20 1001100
21 0010100
22 1111010
23 0100111
24 0000000

1 0101000
2 1101100
3 0101010
4 0000111
5 0100000
6 1110111
7 0000010
8 1110000
9 0101010
10 0011011
11 0001010
12 0000000
13 0001010
14 0011011
15 0101010
16 1110000
17 0000010
18 1110111
19 0100000
20 0000111
21 0101010
22 1101100
23 0101000
24 0000000

1 0101001
2 1101111
3 0101111
4 0001001
5 0110000
6 1000001
7 1010011
8 0011101
9 1111010
10 0101110
11 0011111
12 0000000
13 0011111
14 0101110
15 1111010
16 0011101
17 1010011
18 1000001
19 0110000
20 0001001
21 0101111
22 1101111
23 0101001
24 0000000

1 0101010
2 1101011
3 0100010
4 0011100
5 0001000
6 0000000
7 0001000
8 0011100
9 0100010
10 1101011
11 0101010
12 0000000

1 0101011
2 1101000
3 0100111
4 0010010
5 0011000
6 0110110
7 1011001
8 1110001
9 1110010
10 1011110
11 0111111
12 0000000
13 0111111
14 1011110
15 1110010
16 1110001
17 1011001
18 0110110
19 0011000
20 0010010
21 0100111
22 1101000
23 0101011
24 0000000

1 0101100
2 1100010
3 0111011
4 0110010
5 1110100
6 0010100
7 1000010
8 1110011
9 1101110
10 1110110
11 1001111
12 0000000
13 1001111
14 1110110
15 1101110
16 1110011
17 1000010
18 0010100
19 1110100
20 0110010
21 0111011
22 1100010
23 0101100
24 0000000

1 0101101
2 1100001
3 0111110
4 0111100
5 1100100
6 0100010
7 0010011
8 0011110
9 0111110
10 1000011
11 1011010
12 0000000
13 1011010
14 1000011
15 0111110
16 0011110
17 0010011
18 0100010
19 1100100
20 0111100
21 0111110
22 1100001
23 0101101
24 0000000

1 0101110
2 1100101
3 0110011
4 0101001
5 1011100
6 1100011
7 1001000
8 0011111
9 1100110
10 0000110
11 1101111
12 0000000
13 1101111
14 0000110
15 1100110
16 0011111
17 1001000
18 1100011
19 1011100
20 0101001
21 0110011
22 1100101
23 0101110
24 0000000

1 0101111
2 1100110
3 0110110
4 0100111
5 1001100
6 1010101
7 0011001
8 1110010
9 0110110
10 0110011
11 1111010
12 0000000
13 1111010
14 0110011
15 0110110
16 1110010
17 0011001
18 1010101
19 1001100
20 0100111
21 0110110
22 1100110
23 0101111
24 0000000

1 0110000
2 1001000
3 1001100
4 0111010
5 0011111
6 0010100
7 0101001
8 1111011
9 0011001
10 1011100
11 1010011
12 0000000
13 1010011
14 1011100
15 0011001
16 1111011
17 0101001
18 0010100
19 0011111
20 0111010
21 1001100
22 1001000
23 0110000
24 0000000

1 0110001
2 1001011
3 1001001
4 0110100
5 0001111
6 0100010
7 1111000
8 0010110
9 1001001
10 1101001
11 1000110
12 0000000
13 1000110
14 1101001
15 1001001
16 0010110
17 1111000
18 0100010
19 0001111
20 0110100
21 1001001
22 1001011
23 0110001
24 0000000

1 0110010
2 1001111
3 1000100
4 0100001
5 0110111
6 1100011
7 0100011
8 0010111
9 0010001
10 0101100
11 1110011
12 0000000
13 1110011
14 0101100
15 0010001
16 0010111
17 0100011
18 1100011
19 0110111
20 0100001
21 1000100
22 1001111
23 0110010
24 0000000

1 0110011
2 1001100
3 1000001
4 0101111
5 0100111
6 1010101
7 1110010
8 1111010
9 1000001
10 0011001
11 1100110
12 0000000
13 1100110
14 0011001
15 1000001
16 1111010
17 1110010
18 1010101
19 0100111
20 0101111
21 1000001
22 1001100
23 0110011
24 0000000

1 0110100
2 1000110
3 1011101
4 0001111
5 1001011
6 1110111
7 1101001
8 1111000
9 1011101
10 0110001
11 0010110
12 0000000
13 0010110
14 0110001
15 1011101
16 1111000
17 1101001
18 1110111
19 1001011
20 0001111
21 1011101
22 1000110
23 0110100
24 0000000

1 0110101
2 1000101
3 1011000
4 0000001
5 1011011
6 1000001
7 0111000
8 0010101
9 0001101
10 0000100
11 0000011
12 0000000
13 0000011
14 0000100
15 0001101
16 0010101
17 0111000
18 1000001
19 1011011
20 0000001
21 1011000
22 1000101
23 0110101
24 0000000

1 0110110
2 1000001
3 1010101
4 0010100
5 1100011
6 0000000
7 1100011
8 0010100
9 1010101
10 1000001
11 0110110
12 0000000

1 0110111
2 1000010
3 1010000
4 0011010
5 1110011
6 0110110
7 0110010
8 1111001
9 0000101
10 1110100
11 0100011
12 0000000
13 0100011
14 1110100
15 0000101
16 1111001
17 0110010
18 0110110
19 1110011
20 0011010
21 1010000
22 1000010
23 0110111
24 0000000

1 0111000
2 1010100
3 1101110
4 1010001
5 0110101
6 0010100
7 0000011
8 0010000
9 0111011
10 1000000
11 1011011
12 0000000
13 1011011
14 1000000
15 0111011
16 0010000
17 0000011
18 0010100
19 0110101
20 1010001
21 1101110
22 1010100
23 0111000
24 0000000

1 0111001
2 1010111
3 1101011
4 1011111
5 0100101
6 0100010
7 1010010
8 1111101
9 1101011
10 1110101
11 1001110
12 0000000
13 1001110
14 1110101
15 1101011
16 1111101
17 1010010
18 0100010
19 0100101
20 1011111
21 1101011
22 1010111
23 0111001
24 0000000

1 0111010
2 1010011
3 1100110
4 1001010
5 0011101
6 1100011
7 0001001
8 1111100
9 0110011
10 0110000
11 1111011
12 0000000
13 1111011
14 0110000
15 0110011
16 1111100
17 0001001
18 1100011
19 0011101
20 1001010
21 1100110
22 1010011
23 0111010
24 0000000

1 0111011
2 1010000
3 1100011
4 1000100
5 0001101
6 1010101
7 1011000
8 0010001
9 1100011
10 0000101
11 1101110
12 0000000
13 1101110
14 0000101
15 1100011
16 0010001
17 1011000
18 1010101
19 0001101
20 1000100
21 1100011
22 1010000
23 0111011
24 0000000

1 0111100
2 1011010
3 1111111
4 1100100
5 1100001
6 1110111
7 1000011
8 0010011
9 1111111
10 0101101
11 0011110
12 0000000
13 0011110
14 0101101
15 1111111
16 0010011
17 1000011
18 1110111
19 1100001
20 1100100
21 1111111
22 1011010
23 0111100
24 0000000

1 0111101
2 1011001
3 1111010
4 1101010
5 1110001
6 1000001
7 0010010
8 1111110
9 0101111
10 0011000
11 0001011
12 0000000
13 0001011
14 0011000
15 0101111
16 1111110
17 0010010
18 1000001
19 1110001
20 1101010
21 1111010
22 1011001
23 0111101
24 0000000

1 0111110
2 1011101
3 1110111
4 1111111
5 1001001
6 0000000
7 1001001
8 1111111
9 1110111
10 1011101
11 0111110
12 0000000

1 0111111
2 1011110
3 1110010
4 1110001
5 1011001
6 0110110
7 0011000
8 0010010
9 0100111
10 1101000
11 0101011
12 0000000
13 0101011
14 1101000
15 0100111
16 0010010
17 0011000
18 0110110
19 1011001
20 1110001
21 1110010
22 1011110
23 0111111
24 0000000

1 1000000
2 1100000
3 1010000
4 0111000
5 0000100
6 0110110
7 1000101
8 1011011
9 0000101
10 1010110
11 1010100
12 0000000
13 1010100
14 1010110
15 0000101
16 1011011
17 1000101
18 0110110
19 0000100
20 0111000
21 1010000
22 1100000
23 1000000
24 0000000

1 1000001
2 1100011
3 1010101
4 0110110
5 0010100
6 0000000
7 0010100
8 0110110
9 1010101
10 1100011
11 1000001
12 0000000

1 1000010
2 1100111
3 1011000
4 0100011
5 0101100
6 1000001
7 1001111
8 0110111
9 0001101
10 0100110
11 1110100
12 0000000
13 1110100
14 0100110
15 0001101
16 0110111
17 1001111
18 1000001
19 0101100
20 0100011
21 1011000
22 1100111
23 1000010
24 0000000

1 1000011
2 1100100
3 1011101
4 0101101
5 0111100
6 1110111
7 0011110
8 1011010
9 1011101
10 0010011
11 1100001
12 0000000
13 1100001
14 0010011
15 1011101
16 1011010
17 0011110
18 1110111
19 0111100
20 0101101
21 1011101
22 1100100
23 1000011
24 0000000

1 1000100
2 1101110
3 1000001
4 0001101
5 1010000
6 1010101
7 0000101
8 1011000
9 1000001
10 0111011
11 0010001
12 0000000
13 0010001
14 0111011
15 1000001
16 1011000
17 0000101
18 1010101
19 1010000
20 0001101
21 1000001
22 1101110
23 1000100
24 0000000

1 1000101
2 1101101
3 1000100
4 0000011
5 1000000
6 1100011
7 1010100
8 0110101
9 0010001
10 0001110
11 0000100
12 0000000
13 0000100
14 0001110
15 0010001
16 0110101
17 1010100
18 1100011
19 1000000
20 0000011
21 1000100
22 1101101
23 1000101
24 0000000

1 1000110
2 1101001
3 1001001
4 0010110
5 1111000
6 0100010
7 0001111
8 0110100
9 1001001
10 1001011
11 0110001
12 0000000
13 0110001
14 1001011
15 1001001
16 0110100
17 0001111
18 0100010
19 1111000
20 0010110
21 1001001
22 1101001
23 1000110
24 0000000

1 1000111
2 1101010
3 1001100
4 0011000
5 1101000
6 0010100
7 1011110
8 1011001
9 0011001
10 1111110
11 0100100
12 0000000
13 0100100
14 1111110
15 0011001
16 1011001
17 1011110
18 0010100
19 1101000
20 0011000
21 1001100
22 1101010
23 1000111
24 0000000

1 1001000
2 1111100
3 1110010
4 1010011
5 0101110
6 0110110
7 1101111
8 0110000
9 0100111
10 1001010
11 1011100
12 0000000
13 1011100
14 1001010
15 0100111
16 0110000
17 1101111
18 0110110
19 0101110
20 1010011
21 1110010
22 1111100
23 1001000
24 0000000

1 1001001
2 1111111
3 1110111
4 1011101
5 0111110
6 0000000
7 0111110
8 1011101
9 1110111
10 1111111
11 1001001
12 0000000

1 1001010
2 1111011
3 1111010
4 1001000
5 0000110
6 1000001
7 1100101
8 1011100
9 0101111
10 0111010
11 1111100
12 0000000
13 1111100
14 0111010
15 0101111
16 1011100
17 1100101
18 1000001
19 0000110
20 1001000
21 1111010
22 1111011
23 1001010
24 0000000

1 1001011
2 1111000
3 1111111
4 1000110
5 0010110
6 1110111
7 0110100
8 0110001
9 1111111
10 0001111
11 1101001
12 0000000
13 1101001
14 0001111
15 1111111
16 0110001
17 0110100
18 1110111
19 0010110
20 1000110
21 1111111
22 1111000
23 1001011
24 0000000

1 1001100
2 1110010
3 1100011
4 1100110
5 1111010
6 1010101
7 0101111
8 0110011
9 1100011
10 0100111
11 0011001
12 0000000
13 0011001
14 0100111
15 1100011
16 0110011
17 0101111
18 1010101
19 1111010
20 1100110
21 1100011
22 1110010
23 1001100
24 0000000

1 1001101
2 1110001
3 1100110
4 1101000
5 1101010
6 1100011
7 1111110
8 1011110
9 0110011
10 0010010
11 0001100
12 0000000
13 0001100
14 0010010
15 0110011
16 1011110
17 1111110
18 1100011
19 1101010
20 1101000
21 1100110
22 1110001
23 1001101
24 0000000

1 1001110
2 1110101
3 1101011
4 1111101
5 1010010
6 0100010
7 0100101
8 1011111
9 1101011
10 1010111
11 0111001
12 0000000
13 0111001
14 1010111
15 1101011
16 1011111
17 0100101
18 0100010
19 1010010
20 1111101
21 1101011
22 1110101
23 1001110
24 0000000

1 1001111
2 1110110
3 1101110
4 1110011
5 1000010
6 0010100
7 1110100
8 0110010
9 0111011
10 1100010
11 0101100
12 0000000
13 0101100
14 1100010
15 0111011
16 0110010
17 1110100
18 0010100
19 1000010
20 1110011
21 1101110
22 1110110
23 1001111
24 0000000

1 1010000
2 1011000
3 0010100
4 1101110
5 0010001
6 1010101
7 1000100
8 0111011
9 0010100
10 0001101
11 0000101
12 0000000
13 0000101
14 0001101
15 0010100
16 0111011
17 1000100
18 1010101
19 0010001
20 1101110
21 0010100
22 1011000
23 1010000
24 0000000

1 1010001
2 1011011
3 0010001
4 1100000
5 0000001
6 1100011
7 0010101
8 1010110
9 1000100
10 0111000
11 0010000
12 0000000
13 0010000
14 0111000
15 1000100
16 1010110
17 0010101
18 1100011
19 0000001
20 1100000
21 0010001
22 1011011
23 1010001
24 0000000

1 1010010
2 1011111
3 0011100
4 1110101
5 0111001
6 0100010
7 1001110
8 1010111
9 0011100
10 1111101
11 0100101
12 0000000
13 0100101
14 1111101
15 0011100
16 1010111
17 1001110
18 0100010
19 0111001
20 1110101
21 0011100
22 1011111
23 1010010
24 0000000

1 1010011
2 1011100
3 0011001
4 1111011
5 0101001
6 0010100
7 0011111
8 0111010
9 1001100
10 1001000
11 0110000
12 0000000
13 0110000
14 1001000
15 1001100
16 0111010
17 0011111
18 0010100
19 0101001
20 1111011
21 0011001
22 1011100
23 1010011
24 0000000

1 1010100
2 1010110
3 0000101
4 1011011
5 1000101
6 0110110
7 0000100
8 0111000
9 1010000
10 1100000
11 1000000
12 0000000
13 1000000
14 1100000
15 1010000
16 0111000
17 0000100
18 0110110
19 1000101
20 1011011
21 0000101
22 1010110
23 1010100
24 0000000

1 1010101
2 1010101
3 0000000

1 1010110
2 1010001
3 0001101
4 1000000
5 1101101
6 1000001
7 0001110
8 1010100
9 1011000
10 0010000
11 1100000
12 0000000
13 1100000
14 0010000
15 1011000
16 1010100
17 0001110
18 1000001
19 1101101
20 1000000
21 0001101
22 1010001
23 1010110
24 0000000

1 1010111
2 1010010
3 0001000
4 1001110
5 1111101
6 1110111
7 1011111
8 0111001
9 0001000
10 0100101
11 1110101
12 0000000
13 1110101
14 0100101
15 0001000
16 0111001
17 1011111
18 1110111
19 1111101
20 1001110
21 0001000
22 1010010
23 1010111
24 0000000

1 1011000
2 1000100
3 0110110
4 0000101
5 0111011
6 1010101
7 1101110
8 1010000
9 0110110
10 0010001
11 0001101
12 0000000
13 0001101
14 0010001
15 0110110
16 1010000
17 1101110
18 1010101
19 0111011
20 0000101
21 0110110
22 1000100
23 1011000
24 0000000

1 1011001
2 1000111
3 0110011
4 0001011
5 0101011
6 1100011
7 0111111
8 0111101
9 1100110
10 0100100
11 0011000
12 0000000
13 0011000
14 0100100
15 1100110
16 0111101
17 0111111
18 1100011
19 0101011
20 0001011
21 0110011
22 1000111
23 1011001
24 0000000

1 1011010
2 1000011
3 0111110
4 0011110
5 0010011
6 0100010
7 1100100
8 0111100
9 0111110
10 1100001
11 0101101
12 0000000
13 0101101
14 1100001
15 0111110
16 0111100
17 1100100
18 0100010
19 0010011
20 0011110
21 0111110
22 1000011
23 1011010
24 0000000

1 1011011
2 1000000
3 0111011
4 0010000
5 0000011
6 0010100
7 0110101
8 1010001
9 1101110
10 1010100
11 0111000
12 0000000
13 0111000
14 1010100
15 1101110
16 1010001
17 0110101
18 0010100
19 0000011
20 0010000
21 0111011
22 1000000
23 1011011
24 0000000

1 1011100
2 1001010
3 0100111
4 0110000
5 1101111
6 0110110
7 0101110
8 1010011
9 1110010
10 1111100
11 1001000
12 0000000
13 1001000
14 1111100
15 1110010
16 1010011
17 0101110
18 0110110
19 1101111
20 0110000
21 0100111
22 1001010
23 1011100
24 0000000

1 1011101
2 1001001
3 0100010
4 0111110
5 1111111
6 0000000
7 1111111
8 0111110
9 0100010
10 1001001
11 1011101
12 0000000

1 1011110
2 1001101
3 0101111
4 0101011
5 1000111
6 1000001
7 0100100
8 0111111
9 1111010
10 0001100
11 1101000
12 0000000
13 1101000
14 0001100
15 1111010
16 0111111
17 0100100
18 1000001
19 1000111
20 0101011
21 0101111
22 1001101
23 1011110
24 0000000

1 1011111
2 1001110
3 0101010
4 0100101
5 1010111
6 1110111
7 1110101
8 1010010
9 0101010
10 0111001
11 1111101
12 0000000
13 1111101
14 0111001
15 0101010
16 1010010
17 1110101
18 1110111
19 1010111
20 0100101
21 0101010
22 1001110
23 1011111
24 0000000

1 1100000
2 0010000
3 1011000
4 1010100
5 0001110
6 1000001
7 1101101
8 1000000
9 0001101
10 1010001
11 1010110
12 0000000
13 1010110
14 1010001
15 0001101
16 1000000
17 1101101
18 1000001
19 0001110
20 1010100
21 1011000
22 0010000
23 1100000
24 0000000

1 1100001
2 0010011
3 1011101
4 1011010
5 0011110
6 1110111
7 0111100
8 0101101
9 1011101
10 1100100
11 1000011
12 0000000
13 1000011
14 1100100
15 1011101
16 0101101
17 0111100
18 1110111
19 0011110
20 1011010
21 1011101
22 0010011
23 1100001
24 0000000

1 1100010
2 0010111
3 1010000
4 1001111
5 0100110
6 0110110
7 1100111
8 0101100
9 0000101
10 0100001
11 1110110
12 0000000
13 1110110
14 0100001
15 0000101
16 0101100
17 1100111
18 0110110
19 0100110
20 1001111
21 1010000
22 0010111
23 1100010
24 0000000

1 1100011
2 0010100
3 1010101
4 1000001
5 0110110
6 0000000
7 0110110
8 1000001
9 1010101
10 0010100
11 1100011
12 0000000

1 1100100
2 0011110
3 1001001
4 1100001
5 1011010
6 0100010
7 0101101
8 1000011
9 1001001
10 0111100
11 0010011
12 0000000
13 0010011
14 0111100
15 1001001
16 1000011
17 0101101
18 0100010
19 1011010
20 1100001
21 1001001
22 0011110
23 1100100
24 0000000

1 1100101
2 0011101
3 1001100
4 1101111
5 1001010
6 0010100
7 1111100
8 0101110
9 0011001
10 0001001
11 0000110
12 0000000
13 0000110
14 0001001
15 0011001
16 0101110
17 1111100
18 0010100
19 1001010
20 1101111
21 1001100
22 0011101
23 1100101
24 0000000

1 1100110
2 0011001
3 1000001
4 1111010
5 1110010
6 1010101
7 0100111
8 0101111
9 1000001
10 1001100
11 0110011
12 0000000
13 0110011
14 1001100
15 1000001
16 0101111
17 0100111
18 1010101
19 1110010
20 1111010
21 1000001
22 0011001
23 1100110
24 0000000

1 1100111
2 0011010
3 1000100
4 1110100
5 1100010
6 1100011
7 1110110
8 1000010
9 0010001
10 1111001
11 0100110
12 0000000
13 0100110
14 1111001
15 0010001
16 1000010
17 1110110
18 1100011
19 1100010
20 1110100
21 1000100
22 0011010
23 1100111
24 0000000

1 1101000
2 0001100
3 1111010
4 0111111
5 0100100
6 1000001
7 1000111
8 0101011
9 0101111
10 1001101
11 1011110
12 0000000
13 1011110
14 1001101
15 0101111
16 0101011
17 1000111
18 1000001
19 0100100
20 0111111
21 1111010
22 0001100
23 1101000
24 0000000

1 1101001
2 0001111
3 1111111
4 0110001
5 0110100
6 1110111
7 0010110
8 1000110
9 1111111
10 1111000
11 1001011
12 0000000
13 1001011
14 1111000
15 1111111
16 1000110
17 0010110
18 1110111
19 0110100
20 0110001
21 1111111
22 0001111
23 1101001
24 0000000

1 1101010
2 0001011
3 1110010
4 0100100
5 0001100
6 0110110
7 1001101
8 1000111
9 0100111
10 0111101
11 1111110
12 0000000
13 1111110
14 0111101
15 0100111
16 1000111
17 1001101
18 0110110
19 0001100
20 0100100
21 1110010
22 0001011
23 1101010
24 0000000

1 1101011
2 0001000
3 1110111
4 0101010
5 0011100
6 0000000
7 0011100
8 0101010
9 1110111
10 0001000
11 1101011
12 0000000

1 1101100
2 0000010
3 1101011
4 0001010
5 1110000
6 0100010
7 0000111
8 0101000
9 1101011
10 0100000
11 0011011
12 0000000
13 0011011
14 0100000
15 1101011
16 0101000
17 0000111
18 0100010
19 1110000
20 0001010
21 1101011
22 0000010
23 1101100
24 0000000

1 1101101
2 0000001
3 1101110
4 0000100
5 1100000
6 0010100
7 1010110
8 1000101
9 0111011
10 0010101
11 0001110
12 0000000
13 0001110
14 0010101
15 0111011
16 1000101
17 1010110
18 0010100
19 1100000
20 0000100
21 1101110
22 0000001
23 1101101
24 0000000

1 1101110
2 0000101
3 1100011
4 0010001
5 1011000
6 1010101
7 0001101
8 1000100
9 1100011
10 1010000
11 0111011
12 0000000
13 0111011
14 1010000
15 1100011
16 1000100
17 0001101
18 1010101
19 1011000
20 0010001
21 1100011
22 0000101
23 1101110
24 0000000

1 1101111
2 0000110
3 1100110
4 0011111
5 1001000
6 1100011
7 1011100
8 0101001
9 0110011
10 1100101
11 0101110
12 0000000
13 0101110
14 1100101
15 0110011
16 0101001
17 1011100
18 1100011
19 1001000
20 0011111
21 1100110
22 0000110
23 1101111
24 0000000

1 1110000
2 0101000
3 0011100
4 0000010
5 0011011
6 0100010
7 1101100
8 0100000
9 0011100
10 0001010
11 0000111
12 0000000
13 0000111
14 0001010
15 0011100
16 0100000
17 1101100
18 0100010
19 0011011
20 0000010
21 0011100
22 0101000
23 1110000
24 0000000

1 1110001
2 0101011
3 0011001
4 0001100
5 0001011
6 0010100
7 0111101
8 1001101
9 1001100
10 0111111
11 0010010
12 0000000
13 0010010
14 0111111
15 1001100
16 1001101
17 0111101
18 0010100
19 0001011
20 0001100
21 0011001
22 0101011
23 1110001
24 0000000

1 1110010
2 0101111
3 0010100
4 0011001
5 0110011
6 1010101
7 1100110
8 1001100
9 0010100
10 1111010
11 0100111
12 0000000
13 0100111
14 1111010
15 0010100
16 1001100
17 1100110
18 1010101
19 0110011
20 0011001
21 0010100
22 0101111
23 1110010
24 0000000

1 1110011
2 0101100
3 0010001
4 0010111
5 0100011
6 1100011
7 0110111
8 0100001
9 1000100
10 1001111
11 0110010
12 0000000
13 0110010
14 1001111
15 1000100
16 0100001
17 0110111
18 1100011
19 0100011
20 0010111
21 0010001
22 0101100
23 1110011
24 0000000

1 1110100
2 0100110
3 0001101
4 0110111
5 1001111
6 1000001
7 0101100
8 0100011
9 1011000
10 1100111
11 1000010
12 0000000
13 1000010
14 1100111
15 1011000
16 0100011
17 0101100
18 1000001
19 1001111
20 0110111
21 0001101
22 0100110
23 1110100
24 0000000

1 1110101
2 0100101
3 0001000
4 0111001
5 1011111
6 1110111
7 1111101
8 1001110
9 0001000
10 1010010
11 1010111
12 0000000
13 1010111
14 1010010
15 0001000
16 1001110
17 1111101
18 1110111
19 1011111
20 0111001
21 0001000
22 0100101
23 1110101
24 0000000

1 1110110
2 0100001
3 0000101
4 0101100
5 1100111
6 0110110
7 0100110
8 1001111
9 1010000
10 0010111
11 1100010
12 0000000
13 1100010
14 0010111
15 1010000
16 1001111
17 0100110
18 0110110
19 1100111
20 0101100
21 0000101
22 0100001
23 1110110
24 0000000

1 1110111
2 0100010
3 0000000
4 0100010
5 1110111
6 0000000

1 1111000
2 0110100
3 0111110
4 1101001
5 0110001
6 0100010
7 1000110
8 1001011
9 0111110
10 0010110
11 0001111
12 0000000
13 0001111
14 0010110
15 0111110
16 1001011
17 1000110
18 0100010
19 0110001
20 1101001
21 0111110
22 0110100
23 1111000
24 0000000

1 1111001
2 0110111
3 0111011
4 1100111
5 0100001
6 0010100
7 0010111
8 0100110
9 1101110
10 0100011
11 0011010
12 0000000
13 0011010
14 0100011
15 1101110
16 0100110
17 0010111
18 0010100
19 0100001
20 1100111
21 0111011
22 0110111
23 1111001
24 0000000

1 1111010
2 0110011
3 0110110
4 1110010
5 0011001
6 1010101
7 1001100
8 0100111
9 0110110
10 1100110
11 0101111
12 0000000
13 0101111
14 1100110
15 0110110
16 0100111
17 1001100
18 1010101
19 0011001
20 1110010
21 0110110
22 0110011
23 1111010
24 0000000

1 1111011
2 0110000
3 0110011
4 1111100
5 0001001
6 1100011
7 0011101
8 1001010
9 1100110
10 1010011
11 0111010
12 0000000
13 0111010
14 1010011
15 1100110
16 1001010
17 0011101
18 1100011
19 0001001
20 1111100
21 0110011
22 0110000
23 1111011
24 0000000

1 1111100
2 0111010
3 0101111
4 1011100
5 1100101
6 1000001
7 0000110
8 1001000
9 1111010
10 1111011
11 1001010
12 0000000
13 1001010
14 1111011
15 1111010
16 1001000
17 0000110
18 1000001
19 1100101
20 1011100
21 0101111
22 0111010
23 1111100
24 0000000

1 1111101
2 0111001
3 0101010
4 1010010
5 1110101
6 1110111
7 1010111
8 0100101
9 0101010
10 1001110
11 1011111
12 0000000
13 1011111
14 1001110
15 0101010
16 0100101
17 1010111
18 1110111
19 1110101
20 1010010
21 0101010
22 0111001
23 1111101
24 0000000

1 1111110
2 0111101
3 0100111
4 1000111
5 1001101
6 0110110
7 0001100
8 0100100
9 1110010
10 0001011
11 1101010
12 0000000
13 1101010
14 0001011
15 1110010
16 0100100
17 0001100
18 0110110
19 1001101
20 1000111
21 0100111
22 0111101
23 1111110
24 0000000

1 1111111
2 0111110
3 0100010
4 1001001
5 1011101
6 0000000
7 1011101
8 1001001
9 0100010
10 0111110
11 1111111
12 0000000

