1 1 0
1 2 1
1 3 0
1 4 0
1 5 0
1 6 0
1 7 0
1 8 0
1 9 0
1 10 0
1 11 0
1 12 0
1 13 0
2 2 0
2 3 0
2 4 0
2 5 0
2 6 0
2 7 0
2 8 0
2 9 0
2 10 0
2 11 0
2 12 0
2 13 0
3 3 0
3 4 0
3 5 0
3 6 0
3 7 0
3 8 0
3 9 0
3 10 0
3 11 0
3 12 0
3 13 0
4 4 0
4 5 0
4 6 0
4 7 0
4 8 0
4 9 0
4 10 0
4 11 0
4 12 0
4 13 0
5 5 0
5 6 6
5 7 0
5 8 108
5 9 0
5 10 1182
5 11 0
5 12 10338
5 13 0
6 6 0
6 7 124
6 8 62
6 9 1646
6 10 1630
6 11 18120
6 12 25654
6 13 180288
7 7 0
7 8 13514
7 9 0
7 10 765182
7 11 0
7 12 32046702
7 13 0
8 8 25506
8 9 991186
8 10 3103578
8 11 57718190
8 12 238225406
8 13 965022920
9 9 0
9 10 262834138
9 11 0
9 12 462717719
9 13 0
10 10 759280991
10 11 264577134
10 12 712492587
10 13 886997066
11 11 0
11 12 759141342
11 13 0
12 12 398579168
12 13 83006813
13 13 0
14 14 796514774
14 15 696587391

